(18566, 0.47896154151816883)
(7248, 0.41523639990130534)
(7466, 0.41098863712896166)
(18846, 0.39409458558814559)
(8001, 0.32430146761623052)
(8739, 0.31427691072369568)
(19157, 0.2827349017145212)
(18166, 0.275198453038908)
(18162, 0.21442752669071183)
(21660, 0.17865257325161862)
(18562, 0.17350431502534575)
(22138, 0.17324785274824803)
(9797, 0.17212243685044359)
(22033, 0.17140527043664619)
(18081, 0.1696994402325081)
(19386, 0.16641099295959666)
(20915, 0.16160994566941483)
(5239, 0.16095592358727007)
(21778, 0.16014815680826663)
(19048, 0.15973184842406435)
(12268, 0.15828043834674999)
(21946, 0.14868660398040567)
(4821, 0.1454216274834273)
(21277, 0.14507808748663167)
(20980, 0.14507794979509131)
(9320, 0.14265861898252941)
(18683, 0.14177615653820572)
(44119, 0.14066035264476756)
(5298, 0.140122676117718)
(6780, 0.13887537827859622)
(5329, 0.13817149561625711)
(21063, 0.1374553658853308)
(5267, 0.13725753624297282)
(22648, 0.13509236644404324)
(22124, 0.13433612804740816)
(7859, 0.13337994610388756)
(4192, 0.13308981201097567)
(9409, 0.13124874163690564)
(21923, 0.12976233199357995)
(22200, 0.12923970530539822)
(20900, 0.12767249409409143)
(19776, 0.12681907376984677)
(5578, 0.12634189945625576)
(21507, 0.12573451251846227)
(5004, 0.12420133376262739)
(8494, 0.12375048329290331)
(4115, 0.12136408443283264)
(22507, 0.12132800693046057)
(21647, 0.12098817980272719)
(9494, 0.11898561504035166)
(19603, 0.11883328734542488)
(4132, 0.11862236000310789)
(6239, 0.11578978078112651)
(21992, 0.1152608775315051)
(17920, 0.11521809455640808)
(20845, 0.11434558401921162)
(21046, 0.11411771494478312)
(7496, 0.11339969937964267)
(5222, 0.11292053970640026)
(17877, 0.11279737440899996)
(5160, 0.11270965967679199)
(19303, 0.11262218887310174)
(8350, 0.11261180550808669)
(5227, 0.11256009433610953)
(23134, 0.11234316000083759)
(6514, 0.11226698652603026)
(6984, 0.11226698652603026)
(6462, 0.11220747096087477)
(5383, 0.11150310975101693)
(7948, 0.11143947909086617)
(22985, 0.11123852624913115)
(21984, 0.11059151625990397)
(20794, 0.11026408903177617)
(21893, 0.11018879939488473)
(18407, 0.11018464294129655)
(23205, 0.1100287629603648)
(7863, 0.10985418172148401)
(19520, 0.10984096592677109)
(7686, 0.1091433683661355)
(5300, 0.10900695548468541)
(22662, 0.10886572243110777)
(18879, 0.10864885706118564)
(3028, 0.10818337665247496)
(5376, 0.10796978380378081)
(8251, 0.10768409761627334)
(19840, 0.10619623349182522)
(12502, 0.10614493010758551)
(18049, 0.10524719094381649)
(7204, 0.10448786818449123)
(21860, 0.10354039943771307)
(8786, 0.10239192619045237)
(6895, 0.1023165059365484)
(13769, 0.10039714778513965)
(8747, 0.10029773955657555)
(5330, 0.099180306623418743)
(5313, 0.099113778142014386)
(6138, 0.098056431001057404)
(22997, 0.096557742594743104)
(22387, 0.096241656697678882)
(22879, 0.09618360594731587)

(46304, 0.39172556173613143)
(23679, 0.39129968078931315)
(19218, 0.3837858378953462)
(17933, 0.35972058740079366)
(24940, 0.34480772032750756)
(21178, 0.33199203575540009)
(23116, 0.33097403963958666)
(18981, 0.32074121165552016)
(22230, 0.3198069907777451)
(23395, 0.3187482211914015)
(21543, 0.3184566748134573)
(22601, 0.31798300350099001)
(17914, 0.30493373809369195)
(17958, 0.30275039815783522)
(22195, 0.29619668789696629)
(21686, 0.29176404902391589)
(21424, 0.29122780794879088)
(19266, 0.28794137436348277)
(21904, 0.28443521106434766)
(19387, 0.27445497863687618)
(23032, 0.27249645779288695)
(22611, 0.26998466959026568)
(7644, 0.26647451071332601)
(19244, 0.26622764211607702)
(8479, 0.25761120366141338)
(18841, 0.24886084589988899)
(18843, 0.24760687814179402)
(21405, 0.24722816002548739)
(5798, 0.24156010419957485)
(22207, 0.24107051340947863)
(5652, 0.24038497799135716)
(17825, 0.2400660409072182)
(21833, 0.23990231195929906)
(21077, 0.23319890505991442)
(22281, 0.2327071305723146)
(43691, 0.23091236693846617)
(22219, 0.23070045216059618)
(22681, 0.22857722619060983)
(21851, 0.22789033516450333)
(22080, 0.22696467649372362)
(17710, 0.2253968032503238)
(9286, 0.22480189402498985)
(5332, 0.2237296415379029)
(8713, 0.22245883502364272)
(22065, 0.22221197391906852)
(5560, 0.22219220199137615)
(21550, 0.22173838411305796)
(23393, 0.22022956759840753)
(18308, 0.21988797792170128)
(21759, 0.21840940664857353)
(21122, 0.21776801404545265)
(6994, 0.21758896454047791)
(19189, 0.21718972740105133)
(18254, 0.21707556566650985)
(22452, 0.21699508482834751)
(8478, 0.21529427582747984)
(21882, 0.2150934110719131)
(21454, 0.21482682739756115)
(21382, 0.21336210611615752)
(22426, 0.21314275109461073)
(18769, 0.21252277227566088)
(22508, 0.21210854561023659)
(19209, 0.21130952890519325)
(8976, 0.20833260588022076)
(19839, 0.20761956335008425)
(5960, 0.20513975389293193)
(18481, 0.20431494876078743)
(22117, 0.20361270230057915)
(22976, 0.20322956075999923)
(18827, 0.20320675417831519)
(7432, 0.20287607632600793)
(9012, 0.2025979089190906)
(9248, 0.2022364578234874)
(7598, 0.2020172126714074)
(21281, 0.20016945484687651)
(8353, 0.19870572456192209)
(22654, 0.19848223660097677)
(17921, 0.19778414666924021)
(21388, 0.19763209544368904)
(18627, 0.1974922045287425)
(21375, 0.19659866256776609)
(22071, 0.19656065084105273)
(11108, 0.19644544846204046)
(7623, 0.19580369484067175)
(21953, 0.19513471386289494)
(18500, 0.19501166594270145)
(21521, 0.19479687183830985)
(7292, 0.19360042083808121)
(22583, 0.19262885086596052)
(20118, 0.19190878154481311)
(18027, 0.19164502550686113)
(17763, 0.19123393661922639)
(22834, 0.19100636452424619)
(19655, 0.19088344517513006)
(20728, 0.19061592910340899)
(20834, 0.19019272958113448)
(6703, 0.18962823214380994)
(18180, 0.18878301269002645)
(21082, 0.18852692807275778)
(8003, 0.18845632590226782)

(22867, 0.33089427284609613)
(6483, 0.30014598275043625)
(9679, 0.2768724117573797)
(7040, 0.26273754180296266)
(45893, 0.25522173269070197)
(8194, 0.2446639809337251)
(18302, 0.24103748547896048)
(7983, 0.24081573540142409)
(9722, 0.23583248211470631)
(9510, 0.22765739407259153)
(8434, 0.22739103530064922)
(9850, 0.2234455334252283)
(18659, 0.22303048810619999)
(21381, 0.21976861455232669)
(8336, 0.21829150543778647)
(6238, 0.21803995881397106)
(21535, 0.21801643044259258)
(22204, 0.21793720871042666)
(5461, 0.21686334281703651)
(19166, 0.21541002108960103)
(6632, 0.21517358931469718)
(6178, 0.21385599419050022)
(5666, 0.21183153453744044)
(22868, 0.20213452296441262)
(7627, 0.20212228431648571)
(8160, 0.20151617678738376)
(23183, 0.20151005406692257)
(22866, 0.20140642471766457)
(7505, 0.20003083268998226)
(18685, 0.19990532810553296)
(6448, 0.19937722668533758)
(22873, 0.19869654251428753)
(22385, 0.19298781218327593)
(22251, 0.18799367923924004)
(21039, 0.18789387707419583)
(18365, 0.18781682519409276)
(22201, 0.1862432404901779)
(18827, 0.18623407466428474)
(18519, 0.18483698646043353)
(18349, 0.18297165079232758)
(8460, 0.18181085559441856)
(9323, 0.18170259367495534)
(18440, 0.18119494520096155)
(5727, 0.18107255654911805)
(6689, 0.18050785236737718)
(7121, 0.18040763649223962)
(19189, 0.18029171244530709)
(22959, 0.17960415441393865)
(6737, 0.17800888370266377)
(9502, 0.17719904478262016)
(7787, 0.17601760043923273)
(6743, 0.17579976390103602)
(18524, 0.17534516868457653)
(6383, 0.17530003604078304)
(18424, 0.17511232131592899)
(18957, 0.17478814160226575)
(8030, 0.1743447388191543)
(22191, 0.17327121166316287)
(10753, 0.17169733583607233)
(9218, 0.17150927642492175)
(23024, 0.17096519414033176)
(18306, 0.17041914568757238)
(19533, 0.17002650652855883)
(22189, 0.16843970817534024)
(8323, 0.16716242066895542)
(22459, 0.16680014216814254)
(23119, 0.16660174399693384)
(22548, 0.16654091334614007)
(7605, 0.16635498057504186)
(5652, 0.16624902689115575)
(18598, 0.16605471038551434)
(6365, 0.16599812299473898)
(11496, 0.16534623568120271)
(23066, 0.16512193158614)
(22486, 0.16482589154735011)
(22737, 0.16376617064308938)
(10460, 0.1635057429132328)
(8531, 0.16343464244565536)
(16874, 0.16320274284450789)
(5149, 0.16260071186251673)
(8266, 0.16225660079333062)
(23117, 0.16122002028479665)
(8483, 0.16085715109079499)
(8618, 0.16039005518553406)
(5698, 0.16037042957137987)
(9180, 0.16019673285324235)
(23154, 0.1600653368893552)
(22083, 0.15972781672906899)
(17753, 0.15950588854818593)
(18488, 0.15796048475680124)
(18944, 0.15759541445004585)
(5357, 0.15724227924982587)
(5812, 0.15707578286165244)
(22247, 0.15700824855670434)
(21842, 0.15667557834939794)
(8538, 0.15617924118736601)
(22368, 0.1561773691363581)
(21755, 0.15611573065607609)
(9646, 0.15574869780119591)
(9967, 0.1555179414469193)

(43497, 0.55145868925440655)
(6186, 0.48589777695987613)
(27492, 0.44564530417008519)
(27522, 0.44500732072601623)
(15057, 0.44059672561770497)
(26590, 0.43486864711744549)
(46227, 0.43089703496965287)
(10579, 0.42386386049806057)
(27358, 0.41869778042712474)
(3106, 0.37004816191179501)
(14738, 0.36304800933303649)
(22130, 0.34931974421984435)
(14433, 0.31322830816994363)
(23308, 0.25452595247378268)
(1451, 0.23019473952079647)
(9725, 0.19509887892485719)
(3159, 0.17956379616520537)
(14392, 0.17580335753224346)
(14356, 0.17157026106558326)
(2652, 0.16237693514020493)
(15781, 0.16035848086908178)
(15328, 0.16001694184726753)
(15831, 0.15932061624395222)
(16205, 0.15832604663758218)
(14962, 0.15623368744897309)
(2199, 0.15529200486145045)
(15492, 0.15295388384677144)
(42485, 0.15295301555245985)
(1942, 0.15285233339082965)
(42405, 0.15248790318274283)
(1660, 0.15225784254227293)
(7134, 0.15164592242182598)
(2773, 0.15070187898662615)
(1663, 0.14882258433626494)
(1625, 0.14830403451075938)
(2402, 0.14739239046855854)
(1446, 0.14731328117509307)
(1402, 0.14563719027206651)
(15941, 0.14484200348769499)
(2310, 0.14460751804848693)
(14241, 0.14306907824594714)
(5196, 0.14217646771324199)
(14380, 0.14074953284248304)
(3093, 0.1404029635201762)
(14020, 0.140256310614188)
(15655, 0.140256310614188)
(2984, 0.13967487805077758)
(2127, 0.13908205960330486)
(2999, 0.13907840024956897)
(2162, 0.13893885755288815)
(12021, 0.13889155520795618)
(1610, 0.13884887152720612)
(1505, 0.13729235653364197)
(16152, 0.13676759929569896)
(42675, 0.13644074123076488)
(14924, 0.13599647329866132)
(2610, 0.13565360590339651)
(9189, 0.13413927146682095)
(15243, 0.13377566373591207)
(1722, 0.13327904072712402)
(14511, 0.13302835423653014)
(15186, 0.13275250032863675)
(2871, 0.13265375360388634)
(1206, 0.13241612932915789)
(3108, 0.13236416296524528)
(2450, 0.13219236819687979)
(2230, 0.13213332340663728)
(3223, 0.13208040772537133)
(14052, 0.1315996935177807)
(2092, 0.13159535329802771)
(1995, 0.13157881380663031)
(14027, 0.13120450176034507)
(2295, 0.13085990694347258)
(16922, 0.13075185545325854)
(7680, 0.12923276950638674)
(1432, 0.12907423269955695)
(43116, 0.12901402626526787)
(5153, 0.12858577789802794)
(1748, 0.1283718066166378)
(2651, 0.12824918772880145)
(14523, 0.12760740188895112)
(2055, 0.1275545293781622)
(1844, 0.12749980010554457)
(1211, 0.12581150884361422)
(14557, 0.12575490558208707)
(1922, 0.1255111242512211)
(1754, 0.12518282657693031)
(14747, 0.12505502446585637)
(7757, 0.12503891876371781)
(6898, 0.12483930963771481)
(2206, 0.12465907491855203)
(42965, 0.12366389346755455)
(1511, 0.12365063883178094)
(9079, 0.12334895764953055)
(2388, 0.12310854026756951)
(15958, 0.12294180305784116)
(19972, 0.12285150555262146)
(3167, 0.12277584737712982)
(2690, 0.1225449257630998)
(2578, 0.12249858901531997)

(13629, 0.4336658898798495)
(21331, 0.39690519436420807)
(13542, 0.38913367292846218)
(25258, 0.38546056999404144)
(21972, 0.37746763340854023)
(13189, 0.37108761540711388)
(12145, 0.36945480950640236)
(13330, 0.3647366064369677)
(13959, 0.36066235148921816)
(21592, 0.36013468427197837)
(13646, 0.35380902926245494)
(21449, 0.34687670026122236)
(13591, 0.34557402880936661)
(10405, 0.34296019061907634)
(6794, 0.34290203885468501)
(13421, 0.33033070034727208)
(26670, 0.32996551777279315)
(13981, 0.32953288268975123)
(26582, 0.31922151534333748)
(13910, 0.31618923086231338)
(8407, 0.30913000611233032)
(21290, 0.30905270509007488)
(13613, 0.30783495120659732)
(13546, 0.30355977006906637)
(24862, 0.29958172655208326)
(11488, 0.29755734958450292)
(21499, 0.29515695576382855)
(13333, 0.29432813679325626)
(11902, 0.29324881791319196)
(21917, 0.29237441739038283)
(13348, 0.28738435174776666)
(26783, 0.28627314172712642)
(13585, 0.2851595703297593)
(13593, 0.28333322169097963)
(13255, 0.27447057761755261)
(21282, 0.27268196536895151)
(13670, 0.26652636191370843)
(13973, 0.26589303575015549)
(25452, 0.26307806198338463)
(26033, 0.26095106322968314)
(26273, 0.25833916396936474)
(13772, 0.25805327333311773)
(13673, 0.25470338128603992)
(13321, 0.25295945166018202)
(7334, 0.25192090074085499)
(13953, 0.24708937983515908)
(13425, 0.24454551645698461)
(21802, 0.24432523937605713)
(21722, 0.24121547598267076)
(21583, 0.2402544272386001)
(13245, 0.23927220391535056)
(11776, 0.2373794867979282)
(10052, 0.23716298929366117)
(13345, 0.23608860419045524)
(13836, 0.2318152719478257)
(13289, 0.2300888192137078)
(13272, 0.22839224023100613)
(9506, 0.22815760714928998)
(13967, 0.2238090185523903)
(21652, 0.22285107280087682)
(13491, 0.22274057812407988)
(13302, 0.21727257618817336)
(13760, 0.2157012030539141)
(13926, 0.21544602648632472)
(13526, 0.2152166948568946)
(21581, 0.21355963040147005)
(13398, 0.20832104987823524)
(13640, 0.20667223137912158)
(10952, 0.20620475566893987)
(13315, 0.20568064053456511)
(8603, 0.20494169784241323)
(13229, 0.20016768862343068)
(13554, 0.19800133917143736)
(13727, 0.19782407698574828)
(13980, 0.18728375580145587)
(13698, 0.18716210745268042)
(13411, 0.18671134879807796)
(13833, 0.18574983640124429)
(31423, 0.18100545864298767)
(13979, 0.18074172713037626)
(13977, 0.17997831872196268)
(13785, 0.1777875177380335)
(13419, 0.17754187461959234)
(9953, 0.17544576372229254)
(13473, 0.17469297750698848)
(26126, 0.17458994576487386)
(13575, 0.17231675849071326)
(13777, 0.1719827145558713)
(13210, 0.17196965173581105)
(13950, 0.16995204353310159)
(17951, 0.16899812529905833)
(13432, 0.16795803675011511)
(13276, 0.16617271497033104)
(13273, 0.16465443269792421)
(13623, 0.16406561798838284)
(13203, 0.16374848303401612)
(13675, 0.16215953828868929)
(20764, 0.16155357452700447)
(22724, 0.1606044038845158)
(13635, 0.16040657643709355)

(46159, 0.32794872840729922)
(20787, 0.2975307472252573)
(21266, 0.28178884082462941)
(21207, 0.2485193941149037)
(12088, 0.24709634534293112)
(10480, 0.24319995186380045)
(21415, 0.2334716074603157)
(22129, 0.22876184568868424)
(21704, 0.2143095791928526)
(11382, 0.20095199442274364)
(12420, 0.1903471698072596)
(496, 0.17904015925320246)
(465, 0.17209390828660573)
(11124, 0.17002039156713927)
(21087, 0.15644696540553241)
(21486, 0.14955318184431926)
(21013, 0.14140166826711717)
(7204, 0.13523933443487426)
(10832, 0.12621968978970191)
(12481, 0.11912181439271786)
(11666, 0.11383381744882307)
(21609, 0.11096044688861603)
(5425, 0.11006163550227718)
(9194, 0.10760788861839282)
(21374, 0.10726453477174129)
(8251, 0.10586114804533463)
(10430, 0.10414038401155233)
(5372, 0.10296416025936371)
(21460, 0.10195697329024071)
(21427, 0.10147045753624996)
(21941, 0.10132213104068331)
(21321, 0.10041409839042384)
(21715, 0.1001034586835398)
(23205, 0.099851300692923445)
(14342, 0.098364085954621761)
(14625, 0.097905563390448744)
(9387, 0.09608734347994688)
(6497, 0.096029170917278514)
(22091, 0.095615304202866361)
(10948, 0.095359608952792038)
(21954, 0.095149691614430917)
(18908, 0.094586076964326596)
(21387, 0.092227257180003255)
(1195, 0.09217890600374927)
(21978, 0.091777356651581335)
(14410, 0.08998616058238175)
(18966, 0.08989579659054496)
(17877, 0.089273158068630537)
(21247, 0.088804127482965428)
(9160, 0.088794703310069875)
(21885, 0.088737776244404876)
(4222, 0.088474921459285469)
(9687, 0.08824083836639901)
(5276, 0.087873858812133859)
(20204, 0.087753346968352283)
(20011, 0.087659206153510832)
(3587, 0.087639773594469811)
(19065, 0.087553069241354184)
(11887, 0.087450571352366474)
(9109, 0.087060379592140497)
(22536, 0.086386628536103113)
(18171, 0.086216441588147244)
(18238, 0.085732720782023056)
(5489, 0.085513308144357855)
(23212, 0.085217166773316921)
(21992, 0.085199389432574435)
(18792, 0.085152653492074654)
(8399, 0.084373850220850602)
(5785, 0.083896461763686453)
(21158, 0.083696443963367492)
(5808, 0.083415588340765151)
(7430, 0.083389661507535712)
(6553, 0.083050156459334459)
(21663, 0.082917602056064646)
(22145, 0.082592277371577288)
(6011, 0.082396051806964909)
(17857, 0.082216807776717679)
(18326, 0.08217838596165522)
(21973, 0.082099701618045778)
(6907, 0.082081253730916362)
(8270, 0.081889993246140422)
(4822, 0.081768990192123428)
(9638, 0.081687344229021241)
(20915, 0.081402751957961872)
(4891, 0.081380640009798902)
(14041, 0.081090422647674132)
(5358, 0.080940970262491363)
(9562, 0.080383367763318767)
(21778, 0.079934669915695825)
(21003, 0.079817045121441541)
(7203, 0.079770837618870119)
(14782, 0.079658983820728724)
(8467, 0.079577442966446324)
(4412, 0.079557066383045091)
(8565, 0.079316961085811793)
(22022, 0.079126639292101578)
(10521, 0.078995399982839123)
(20543, 0.07890251788082181)
(5703, 0.078837865288550357)
(2079, 0.07883353960698794)

(26916, 0.23379237933337055)
(21043, 0.18076995531690412)
(21591, 0.16787139451881763)
(37830, 0.16294461109199898)
(36582, 0.16100370487089638)
(25446, 0.15900892756684673)
(27074, 0.15723488306415037)
(25517, 0.15406356489725817)
(26248, 0.15345313385869389)
(24963, 0.1515028831406931)
(9987, 0.14365332935869071)
(36008, 0.14017586435734997)
(2213, 0.13988192568828303)
(21595, 0.13763719067692029)
(11089, 0.13599833303366829)
(10214, 0.13391368220426023)
(2117, 0.13329368349829199)
(11021, 0.13277349425583262)
(35698, 0.13226943451606402)
(23710, 0.1318711417511064)
(11212, 0.13174140934483672)
(37907, 0.13068134206548448)
(27212, 0.13055772725643683)
(25195, 0.12972264704166861)
(36972, 0.12794471801062199)
(27653, 0.12706221078906729)
(27247, 0.12183036845769174)
(6728, 0.12138829960554466)
(27786, 0.12053241620646825)
(7204, 0.1196554493506371)
(38846, 0.11867184005986234)
(27116, 0.11763815998462115)
(27088, 0.11601522010308059)
(25405, 0.11369476420871388)
(37406, 0.11179856535095016)
(27331, 0.11151667446263513)
(21241, 0.11136333255340286)
(25498, 0.10999402470786195)
(20812, 0.1095554118968749)
(35990, 0.10835939090535822)
(21319, 0.10754246534537909)
(27473, 0.10679463617772864)
(10960, 0.10647543904758902)
(10195, 0.10598642755052395)
(21346, 0.10487504348066724)
(23268, 0.10460070135442899)
(35267, 0.10452781308068541)
(25128, 0.10435926065120955)
(11416, 0.10393699282650141)
(9954, 0.10379899471133304)
(9871, 0.10371048356637194)
(38080, 0.10347555401854243)
(11897, 0.10321080170972852)
(26231, 0.10296541167062058)
(37579, 0.10282500163919163)
(36395, 0.1021925136009945)
(20872, 0.10152425904466723)
(17486, 0.099215090150567259)
(39553, 0.098354127373566677)
(25112, 0.09821189755822711)
(5564, 0.098061485426143846)
(26848, 0.098037821134595249)
(11232, 0.097546069705274394)
(11165, 0.097244502686986964)
(37673, 0.096894076359804279)
(28069, 0.095909603339982219)
(27432, 0.095657731711968536)
(24979, 0.09483130239059924)
(5468, 0.094578469161844453)
(26412, 0.0942347114856385)
(11618, 0.094198945071655729)
(4129, 0.093907381065295184)
(26400, 0.093308900521862068)
(25045, 0.092948955275641607)
(11006, 0.092477457921297537)
(11038, 0.092462913392989982)
(45678, 0.092176261635327994)
(18573, 0.092155343443835386)
(22999, 0.092002926805077281)
(27856, 0.091882295649027113)
(22374, 0.091306012620632745)
(36837, 0.090763122040219649)
(12350, 0.090678015634866577)
(8249, 0.090499613159413975)
(21314, 0.090489893490613121)
(27059, 0.090463808703747775)
(24585, 0.090433771322832673)
(37566, 0.089879773746748173)
(10590, 0.089805297682605409)
(5400, 0.08932574904769354)
(35645, 0.089132074794108493)
(25021, 0.089000954243579247)
(12060, 0.088613294240475288)
(11813, 0.088179851744767779)
(12470, 0.088161146743136923)
(26249, 0.08802015289866881)
(22246, 0.087697049581854425)
(12244, 0.087608966914129643)
(24416, 0.087247104800201772)
(10183, 0.087240348066459944)

(5446, 0.42785261641413419)
(11426, 0.40575572755324579)
(7366, 0.39789783234118092)
(11032, 0.38500083545760377)
(36838, 0.38382593751671246)
(38806, 0.38321946966296516)
(18544, 0.37341731927886251)
(6480, 0.37307625026421803)
(18328, 0.36996982243587379)
(2994, 0.36429418308136829)
(2841, 0.36091632674357216)
(10934, 0.3553076800711833)
(11376, 0.35280320157333045)
(37204, 0.34791488018364874)
(24001, 0.34763929195780258)
(11252, 0.33948926366915833)
(46601, 0.33635876259219305)
(21658, 0.33429421960202571)
(39119, 0.3303584625491412)
(43602, 0.32199368669235812)
(6976, 0.31390576085075012)
(15097, 0.31085083640511063)
(15802, 0.30822233540719962)
(11063, 0.30701995139431765)
(39569, 0.29212731465822778)
(22197, 0.29169370231220293)
(11008, 0.2833469871019777)
(43283, 0.28247156417735236)
(39206, 0.27457202943872266)
(12167, 0.27280824469466763)
(6868, 0.26820178294914826)
(12148, 0.26066252668542556)
(19294, 0.2490268471914808)
(38445, 0.24625341178243892)
(14344, 0.2448641001461562)
(38473, 0.24317273854265362)
(2044, 0.23597292399881267)
(39899, 0.23388975632711878)
(39758, 0.22689698525773735)
(2573, 0.22465429928628544)
(7206, 0.20788982098414385)
(2517, 0.20595415258208943)
(20918, 0.2044199766179971)
(20853, 0.20015297781866115)
(11493, 0.19950282786868276)
(38299, 0.19873821394401731)
(36817, 0.1960361251983373)
(18385, 0.19504501808865624)
(23384, 0.19340078029658708)
(2008, 0.19203740145313075)
(6777, 0.18855503364648055)
(6996, 0.18524153358519221)
(3176, 0.18521517984344665)
(12253, 0.18318453486953681)
(38884, 0.180184509825739)
(7360, 0.17590308567977625)
(1540, 0.17551144319925854)
(38848, 0.17209275928619128)
(15308, 0.16807369017686705)
(8767, 0.16693809511680974)
(9444, 0.16681525997245092)
(2844, 0.16543521947736162)
(5808, 0.16188616789521806)
(38402, 0.16132106190637652)
(16114, 0.15414908595371735)
(22892, 0.15315176871927177)
(2488, 0.15296483117465087)
(8060, 0.15264744121273599)
(15698, 0.150749788579709)
(11728, 0.15053745742989538)
(18794, 0.15026926516409109)
(39073, 0.15020628940528866)
(2243, 0.15000211148140971)
(3212, 0.14891995685122025)
(14581, 0.14881452520407942)
(9874, 0.14859943360279843)
(38924, 0.14579303473633057)
(7204, 0.14520909308086702)
(14191, 0.14450409863203409)
(19049, 0.14446868203584373)
(19161, 0.14442698028407916)
(1435, 0.14433184853210748)
(2046, 0.14410224215166115)
(37347, 0.14302287950756679)
(40713, 0.14275007256866937)
(8694, 0.14245024699477743)
(1965, 0.14237743289757734)
(2439, 0.1415005770504317)
(10528, 0.14146159037624803)
(36841, 0.13976642632641548)
(39023, 0.1397511288719088)
(1738, 0.13802125470686305)
(37259, 0.13762599829985103)
(38215, 0.13715313835212339)
(12446, 0.13701391530531098)
(1265, 0.13700120037414665)
(39932, 0.1345168471580139)
(10540, 0.1331178616164865)
(9057, 0.13266861931988189)
(39789, 0.13080778895888606)

(26529, 0.32899674780200194)
(28003, 0.31778642504110471)
(21669, 0.31765922847066069)
(21824, 0.31206561149437734)
(33781, 0.30876796073001728)
(36820, 0.30271932832563114)
(11730, 0.29674811443412125)
(26094, 0.29526743760955904)
(26163, 0.29390777354771869)
(17936, 0.27728968055615738)
(27612, 0.2669286620281987)
(28050, 0.26562759307813683)
(33309, 0.26245162351049739)
(27907, 0.26144952270035771)
(27068, 0.2609952670778633)
(27760, 0.26045722011567185)
(27910, 0.25692904689455015)
(21978, 0.24793796572121937)
(25253, 0.24552754950850023)
(33863, 0.24449175561817349)
(27208, 0.24445243637643477)
(11360, 0.24103253321283027)
(27103, 0.24086390963848625)
(34262, 0.2402322354879784)
(38225, 0.23931347747269538)
(46240, 0.23666814146794832)
(18419, 0.23321695229528253)
(39227, 0.23303868808924488)
(27718, 0.23253262793731277)
(25391, 0.22957157619554941)
(27016, 0.21649975884267814)
(11369, 0.21548409049935874)
(18172, 0.21485058923712533)
(34097, 0.21456793882864736)
(25466, 0.21397507921572148)
(27002, 0.21294462254423269)
(38728, 0.211488241938425)
(27427, 0.20813700668986088)
(27563, 0.20766277344472608)
(26499, 0.20536065193600833)
(25787, 0.20532613210777598)
(21271, 0.20478836955456303)
(25895, 0.19820435906422038)
(33622, 0.19807192585520797)
(10139, 0.19441915927277018)
(27801, 0.19007739223191045)
(21158, 0.18795831609051949)
(3827, 0.18773342809823357)
(11481, 0.18763732268015573)
(18024, 0.18692242702265863)
(25806, 0.18291544537112162)
(27226, 0.18080283966397417)
(38558, 0.17003819119040892)
(21696, 0.15941176008233496)
(27440, 0.15923494995858306)
(20967, 0.15874635706318735)
(27856, 0.15386895459485173)
(27211, 0.15343973292519408)
(22374, 0.15290389308323576)
(32722, 0.14545885667871442)
(7204, 0.14514170147630298)
(32685, 0.14351998451634829)
(9976, 0.13988729821253884)
(38581, 0.13575874646394939)
(25939, 0.12849467238470225)
(27074, 0.1266446654984606)
(28024, 0.12476352097733483)
(20926, 0.12464132688349966)
(5400, 0.12395565016236637)
(24958, 0.1222294987099673)
(10015, 0.12114543896555349)
(21134, 0.12042221884726755)
(40992, 0.11793380459580886)
(4129, 0.11669078160050846)
(38846, 0.11501165118727207)
(27478, 0.11449387083468844)
(15326, 0.11401658759458595)
(5468, 0.11373847876606002)
(11089, 0.1131257125215981)
(7004, 0.1126716262058147)
(14199, 0.11122665022314715)
(36882, 0.11080596625389619)
(6455, 0.10851699161008101)
(33900, 0.10730940622507275)
(5300, 0.10534061444392856)
(27808, 0.10486569532241427)
(10183, 0.10466765645042883)
(5434, 0.10433009321651299)
(33076, 0.10324908252272405)
(10770, 0.10286496386313992)
(34432, 0.10271025907628852)
(21409, 0.10234433996677639)
(6375, 0.10209238926037699)
(39499, 0.1014270115198224)
(6230, 0.10139674553424312)
(14958, 0.10040932741227743)
(36328, 0.10013960518138061)
(18792, 0.10007723288960027)
(5357, 0.099758386334067695)
(26833, 0.099409865838511191)

(15109, 0.34193560933617667)
(21204, 0.3166214502848132)
(32927, 0.31119190358338095)
(33011, 0.29327511312132737)
(36506, 0.27789631759708938)
(12162, 0.24929498258236282)
(44180, 0.24042924323664661)
(28275, 0.23267159707765769)
(22058, 0.23266866371460196)
(20857, 0.16623317238295501)
(14676, 0.16377119882446653)
(31050, 0.15809914658799515)
(30515, 0.15602370478020505)
(38953, 0.14342184613510747)
(10434, 0.14029141520974162)
(5418, 0.13984348405026462)
(6286, 0.1389107032041077)
(18867, 0.13765467148279539)
(30813, 0.13176401487561018)
(3473, 0.12783827652909141)
(20108, 0.12762493408866021)
(21745, 0.12097388012469658)
(30766, 0.12072811467474909)
(3814, 0.11781841503062425)
(5904, 0.11747027283014368)
(9732, 0.11716869848772261)
(5471, 0.11519116921792769)
(1694, 0.1139032725910525)
(30188, 0.11249148937753568)
(3745, 0.1123273333177532)
(30935, 0.11191994715130306)
(21273, 0.1090543781386718)
(34572, 0.10845397172734884)
(30252, 0.10726513099992868)
(20818, 0.10686501531598548)
(36832, 0.10591013762973245)
(735, 0.1057013501592059)
(30846, 0.10411504432763719)
(20851, 0.10376387269255501)
(37930, 0.10355587455220161)
(20781, 0.1018811795701807)
(5532, 0.10119436134527812)
(21094, 0.10076986021888844)
(22081, 0.10032596005500835)
(11017, 0.10029675545489755)
(30557, 0.10009042089658533)
(19445, 0.099129233965165126)
(30680, 0.098779496088445093)
(21747, 0.098126519209167554)
(18572, 0.097910949571154884)
(34779, 0.097712706105640271)
(36808, 0.097351977872132914)
(5413, 0.096972897882558654)
(3849, 0.096294386784673003)
(27359, 0.095678647703310429)
(20469, 0.094844630266494867)
(28719, 0.09407154530805388)
(33187, 0.094032296720243491)
(30656, 0.093755082470698303)
(21227, 0.092821482593251764)
(30333, 0.092803249255733231)
(15315, 0.092319274070946422)
(30331, 0.091890712510195857)
(21687, 0.091860317497869742)
(17779, 0.09169917755280331)
(28749, 0.091442097630595659)
(4411, 0.091352644355508036)
(18975, 0.090907721171273978)
(38854, 0.090501948816506694)
(21683, 0.090444141785348015)
(22022, 0.090423765088734384)
(26926, 0.090367366938703939)
(7204, 0.090200879080812674)
(19404, 0.090144925781265761)
(20346, 0.08987479370800977)
(20199, 0.089600768045091275)
(21447, 0.089318212718681914)
(10805, 0.08924978098054881)
(20994, 0.088813908847974354)
(30171, 0.088186501275912585)
(10891, 0.088146737006058684)
(26568, 0.087724034847027163)
(26982, 0.087252563399157546)
(35320, 0.086855192337230838)
(17443, 0.085870066500972758)
(21710, 0.085777495763080483)
(32774, 0.0854283702518807)
(30091, 0.085398560112364255)
(18358, 0.085214752160399365)
(20971, 0.085190811582527906)
(24852, 0.085104482536208378)
(15557, 0.084791922950591597)
(24673, 0.084719270194916083)
(22100, 0.084023321116987557)
(4806, 0.083928511246518525)
(19682, 0.083869031537287808)
(909, 0.083524120849169367)
(22779, 0.083294729843870555)
(23577, 0.083013276526650095)
(20854, 0.082879697745612713)

(17891, 0.5259284934529922)
(23723, 0.50095122828225813)
(18101, 0.47730391070263489)
(7851, 0.45911556868169273)
(17745, 0.44771254855592696)
(24388, 0.44157470314921027)
(18551, 0.42323169953114947)
(6889, 0.40538347839040789)
(18736, 0.39927581097834403)
(20799, 0.37544662713664945)
(21578, 0.36750070361541298)
(17977, 0.34600569780704887)
(46287, 0.34583693955130645)
(20897, 0.31177786188301304)
(10437, 0.30791946569727607)
(18638, 0.30307140492853013)
(25902, 0.29514849417528322)
(17749, 0.29345198139391881)
(26921, 0.29284529890670957)
(9931, 0.287025662281639)
(22134, 0.27984785275643459)
(18001, 0.27232741492087292)
(8521, 0.26509943509115502)
(8847, 0.26509943509115502)
(21137, 0.25375094005448018)
(22679, 0.23591102694359606)
(18761, 0.23208558493064943)
(28184, 0.22969343527171096)
(10412, 0.21592544586963797)
(7612, 0.20001102726396791)
(6054, 0.19705714597745477)
(28108, 0.19176418821979416)
(18250, 0.18820102085786428)
(6396, 0.18776588106202791)
(18464, 0.17821038920093396)
(6575, 0.17578442835925814)
(8007, 0.17578442835925814)
(27836, 0.16591742478042651)
(26556, 0.16364537633577428)
(25112, 0.15988267735878281)
(10398, 0.15318333158773806)
(18342, 0.15070223298929245)
(17773, 0.14997816293966404)
(25998, 0.14826374857792315)
(8044, 0.14658311484622816)
(12350, 0.1446897157959729)
(28066, 0.14293265016389414)
(21709, 0.14204169751446444)
(18905, 0.14177090983341095)
(16246, 0.14142639841752477)
(25934, 0.14074409836024093)
(26179, 0.13880275954126517)
(18445, 0.13767064683175959)
(27351, 0.13505088820689898)
(12210, 0.13296880816914675)
(16540, 0.12957743304365738)
(17304, 0.12927921908463075)
(28043, 0.12915751483458263)
(159, 0.12814729924620907)
(9287, 0.12691120830336541)
(26571, 0.12672023058049589)
(26128, 0.12663859320439366)
(22105, 0.12596173072923214)
(26018, 0.12593849139117935)
(27634, 0.12580355148673672)
(42930, 0.12515102192323796)
(21264, 0.12465792908688901)
(17009, 0.12253832106174868)
(19303, 0.12250184061024572)
(41894, 0.12154617252884801)
(31014, 0.12019989328952799)
(19013, 0.11979599074714883)
(43851, 0.11937759503506247)
(23664, 0.11810281530608831)
(15525, 0.11758079474908677)
(12352, 0.11733348127592438)
(25349, 0.11702326864093505)
(5453, 0.11660763017026644)
(8768, 0.1141178381379446)
(15232, 0.11347422534477658)
(1571, 0.11236904322658547)
(17857, 0.11202036374340699)
(26495, 0.10916650554653932)
(2307, 0.10903042848344884)
(41487, 0.10831653178477101)
(10187, 0.10792807042098196)
(26605, 0.10788717662643266)
(26504, 0.10466112584946798)
(11806, 0.10395915043474567)
(24555, 0.1039500246753778)
(16538, 0.1022596195104393)
(18758, 0.10174115259063209)
(7294, 0.10169478883776419)
(10184, 0.10138749704623438)
(10571, 0.10021066516642101)
(18183, 0.10001461498982385)
(41270, 0.099118987311194423)
(27599, 0.0988513664935778)
(27249, 0.098317477478668314)
(19363, 0.097541974633984729)

(28534, 0.46715714696610761)
(18206, 0.46092150151569017)
(9402, 0.43486533648612918)
(17980, 0.43133317643454649)
(18202, 0.42615795341064316)
(7353, 0.41881409590642776)
(18734, 0.40507208821435781)
(38893, 0.39482138051364779)
(24060, 0.36222259004610297)
(9644, 0.34423482653701376)
(22658, 0.33949491924331565)
(28529, 0.2912632174469188)
(21864, 0.27330915672098338)
(19164, 0.25615907813067113)
(19028, 0.25264651042810921)
(24883, 0.24840827181509592)
(6727, 0.24830901734892985)
(21495, 0.23656330344616494)
(18306, 0.23654469732170291)
(19533, 0.23456882160546869)
(12155, 0.22754011279910996)
(6636, 0.22493768918159143)
(9646, 0.22471371412657679)
(29067, 0.22401058436389365)
(21675, 0.22210872728454828)
(7787, 0.21162549971026551)
(21755, 0.21145259852517614)
(18201, 0.20792381372626084)
(33979, 0.20490083322852748)
(6869, 0.20414353691148973)
(8854, 0.20320494060541819)
(4245, 0.19903951495103908)
(21439, 0.19678841995806959)
(45515, 0.19420541596250396)
(24189, 0.19220805763343757)
(24230, 0.19092708306827572)
(21492, 0.19039295492558719)
(39107, 0.18962575707322768)
(22244, 0.18944836730641035)
(7038, 0.18749739347930283)
(21761, 0.18653398805189367)
(6935, 0.18573273162752096)
(5553, 0.18340275742996279)
(7013, 0.18287778730358262)
(20753, 0.1826154929610582)
(9630, 0.18142610017947305)
(18567, 0.18114496757572299)
(20819, 0.18038234249555657)
(9005, 0.17894921563714791)
(9818, 0.17891477943237158)
(8975, 0.17755077096675678)
(19041, 0.17668492216555323)
(22083, 0.17650950289113643)
(12212, 0.17524897549033172)
(18691, 0.1732538454893581)
(18951, 0.1731501875031935)
(22213, 0.17140280241106864)
(12193, 0.17032964008043425)
(19714, 0.17030610044489719)
(18244, 0.17017421651209225)
(5869, 0.16988007432673435)
(21000, 0.16985983684997871)
(18604, 0.16745410521485024)
(7609, 0.16730997142289064)
(6485, 0.16684849442791458)
(22210, 0.16490162247203391)
(36973, 0.16218879886458193)
(17695, 0.16175170976090536)
(22204, 0.16149479784233955)
(18156, 0.16110886477995867)
(17967, 0.16059117611039719)
(21500, 0.16041817951737769)
(19202, 0.15931630320379994)
(5149, 0.15899663589142599)
(7152, 0.15889901362154107)
(7578, 0.15849290155586288)
(17194, 0.15837235894458701)
(18722, 0.1577098902656231)
(20975, 0.15744058395547128)
(7992, 0.15693376131969303)
(18365, 0.15673168280800215)
(7720, 0.15640434931371516)
(12016, 0.15584647857326037)
(11892, 0.15569581163191731)
(22665, 0.15560551266474124)
(9323, 0.15543896967793849)
(4669, 0.15500467943627477)
(8577, 0.15484234275927464)
(22867, 0.15420461851630773)
(9661, 0.15391737878839123)
(5971, 0.15388325297463032)
(5207, 0.15338665906123405)
(9967, 0.15334698953240089)
(9679, 0.15311576599824106)
(7935, 0.15298019542695845)
(18986, 0.15284883914102759)
(6737, 0.15279903795733529)
(7524, 0.15275712305731159)
(18291, 0.15245093748387745)
(7382, 0.15244475163288948)

(16329, 0.38626716018275076)
(17237, 0.38243774927021312)
(45253, 0.38079945610083615)
(17196, 0.37175693892378175)
(22608, 0.36451438961425786)
(7154, 0.35925517533583567)
(9421, 0.34552296513956265)
(16231, 0.32671071000584645)
(7372, 0.31988634848275121)
(9094, 0.3196038341540699)
(16886, 0.31134334331493024)
(17389, 0.29543424567361909)
(8384, 0.29379057250314905)
(17352, 0.29250439467891448)
(10658, 0.28895593618749166)
(17565, 0.27683721958620633)
(7277, 0.27651789755580686)
(16971, 0.27293011766006275)
(17679, 0.26424626061442552)
(17455, 0.26008705069392807)
(17458, 0.25715001148235855)
(16615, 0.25598399505032243)
(19935, 0.25362369344169938)
(7518, 0.25265361012932253)
(16711, 0.24080494976892441)
(7417, 0.23772033608852283)
(16667, 0.23583877818356844)
(18779, 0.23532687116895795)
(16603, 0.23047908447433793)
(16996, 0.23043492430153972)
(17687, 0.22880733717835872)
(17616, 0.22429119866960623)
(16555, 0.22378320029988186)
(16439, 0.22209226073660693)
(16796, 0.22055376971820201)
(8875, 0.21895707512827228)
(16473, 0.21491616848174389)
(17591, 0.21394932757826823)
(24663, 0.21253954640137587)
(16698, 0.21170684302024492)
(10595, 0.20986714688139263)
(16258, 0.20706311386109885)
(5501, 0.20644318636673201)
(7461, 0.20631112027430934)
(16696, 0.20415155706736099)
(7562, 0.20189294513454203)
(16423, 0.20108475111868354)
(17445, 0.19891948688440408)
(27771, 0.19826473964619928)
(16861, 0.19594942517308422)
(8901, 0.19454231594340096)
(17562, 0.18721539664053843)
(7158, 0.18697884636041787)
(16383, 0.18599126776875977)
(16617, 0.18497344486538767)
(17249, 0.18459647995601514)
(16283, 0.1836831320153898)
(16958, 0.18276308709004394)
(21080, 0.18203831977932136)
(11887, 0.18018694713300387)
(16674, 0.17860362159325271)
(31265, 0.17605430455377338)
(8218, 0.17287730904127774)
(16355, 0.17247792330749764)
(17160, 0.16816299192183889)
(16669, 0.168126852029057)
(31706, 0.16760600360976494)
(17081, 0.1665471037056849)
(16453, 0.16496260442833627)
(19251, 0.16468275158862822)
(16280, 0.16152304453659369)
(20875, 0.16058478941815166)
(17061, 0.15960343097421095)
(18681, 0.15445123330502478)
(16747, 0.15330572905160603)
(16850, 0.15227541544528372)
(17401, 0.15197735393708411)
(16875, 0.14916003959294913)
(8216, 0.14771814698732125)
(7919, 0.14767309335712001)
(16676, 0.14717523615293865)
(17498, 0.14674545155874807)
(19878, 0.14479160325737297)
(17254, 0.14384721801548947)
(16881, 0.14242702963907655)
(16594, 0.14073513476628263)
(9075, 0.13885474098777875)
(16919, 0.13661169155594513)
(16981, 0.13540761093372206)
(5891, 0.13470908761461983)
(12298, 0.13275012687816304)
(16963, 0.13173395872396124)
(16361, 0.13117266236668865)
(16991, 0.12987787237177364)
(24179, 0.12789994209312799)
(17017, 0.1266838003526142)
(21707, 0.12659335525709103)
(31722, 0.12560542032713168)
(23409, 0.12524105864292229)
(22421, 0.12480696093258539)

(23939, 0.3753983279538875)
(9371, 0.31921973903317136)
(8420, 0.31772387696029436)
(4358, 0.30033536531120941)
(43655, 0.2892952732578894)
(7509, 0.27219049491697805)
(18959, 0.27138958956225534)
(5234, 0.26823980268666603)
(38465, 0.24895207190829188)
(6793, 0.24795199435801435)
(34763, 0.24589638007874562)
(46722, 0.23454393219846525)
(18452, 0.23123887791467199)
(7201, 0.22770900964040094)
(5417, 0.22666923505864103)
(6154, 0.22570009907896993)
(22259, 0.2190405997544039)
(21414, 0.21176109510314009)
(5368, 0.2113000692475335)
(21252, 0.21112663850447896)
(4068, 0.20859375411132278)
(5223, 0.20203157402413016)
(17786, 0.19620442867991003)
(20515, 0.19274383193057659)
(5288, 0.18831157720940034)
(9800, 0.18646920793231869)
(2306, 0.18638229188756575)
(8924, 0.18243200977043639)
(6757, 0.18081867730484247)
(9466, 0.17911278223552243)
(5480, 0.17621705216822434)
(18009, 0.17543614704180904)
(5241, 0.17398729866050031)
(5035, 0.17162314150246447)
(9859, 0.17107492502359756)
(9334, 0.16885186374947461)
(5387, 0.167806405834898)
(21122, 0.16734572857795529)
(5574, 0.16477741113184113)
(22536, 0.16436045403772342)
(20469, 0.16414512763137157)
(22219, 0.16408230535072235)
(18059, 0.16307084221388796)
(21851, 0.1624017650054132)
(23621, 0.16201016566777746)
(23230, 0.16151383135301783)
(21582, 0.16021755576657995)
(8443, 0.15807913584650965)
(22654, 0.15782971638010376)
(5434, 0.15562455415949547)
(7159, 0.15523319363138166)
(22611, 0.15385198836101385)
(20709, 0.15299643947865027)
(6886, 0.15287841821938616)
(20135, 0.14955475928631748)
(20796, 0.14920121450335153)
(7168, 0.14867727208934634)
(8358, 0.14855123014597871)
(24766, 0.14848681191953295)
(22426, 0.14751469992759506)
(19416, 0.1459620988647265)
(6105, 0.14540599759214359)
(5479, 0.14521472848355804)
(20078, 0.14461395180585288)
(4384, 0.14416117191505673)
(6327, 0.1439739350901941)
(5570, 0.14368303813437733)
(24116, 0.14344011580695112)
(19499, 0.14280355349577034)
(22102, 0.14275106084931155)
(21082, 0.1424625334073778)
(5485, 0.14232388059121359)
(5206, 0.14212211523578322)
(9735, 0.14208156790031698)
(20085, 0.1416836834848656)
(20182, 0.1415271976087025)
(5327, 0.14110778451013267)
(7343, 0.14095584635283376)
(5292, 0.13999243608369219)
(7970, 0.13990385762632226)
(23155, 0.13944079725351771)
(24302, 0.13903774642385749)
(34854, 0.1381610046378986)
(24411, 0.13795518307582535)
(24822, 0.13792253573598709)
(24521, 0.13693321883925699)
(23719, 0.1367764500495669)
(20344, 0.13613019311288085)
(19595, 0.13573744159411841)
(19020, 0.13563278242030924)
(21333, 0.13547686513909399)
(18526, 0.13525921877206676)
(24087, 0.13476989231715916)
(16389, 0.13456502714316326)
(20011, 0.13401682311729507)
(24100, 0.13359647875078118)
(20550, 0.13351193558766855)
(7218, 0.13350193033059643)
(19985, 0.13327235363552686)
(21663, 0.13294086091675608)

(22354, 0.5200438536374834)
(1518, 0.50359537390776854)
(38541, 0.48879174054970964)
(14940, 0.4702615591327407)
(14986, 0.46892918088147784)
(39209, 0.44417993400074579)
(22925, 0.44155307570075264)
(15640, 0.44122331675435117)
(24668, 0.44032738304217789)
(6130, 0.43987649423111552)
(36817, 0.43851529981283882)
(39497, 0.43787373098751442)
(23631, 0.43771339265475867)
(14795, 0.43196877311379739)
(24572, 0.42845137121433635)
(2429, 0.41811878063869634)
(36816, 0.41481489154024581)
(6175, 0.4124438441729692)
(36876, 0.40102864882286904)
(36885, 0.39909026740418774)
(39935, 0.39736251716766535)
(1874, 0.39560542546155847)
(15137, 0.39535780556471029)
(39868, 0.39470393916936392)
(39132, 0.38808006881633472)
(38477, 0.38683593449804154)
(38730, 0.38588925414673059)
(7370, 0.38431069146954927)
(2126, 0.38273324953715832)
(39707, 0.37617121790349467)
(15777, 0.37405257056308977)
(14859, 0.37388743376041766)
(5458, 0.3660273027763119)
(6597, 0.3645765293245381)
(39371, 0.36449423715383716)
(15105, 0.36228009009044293)
(22962, 0.36051208107516886)
(38390, 0.35944192594813429)
(14904, 0.35096777261380768)
(38316, 0.33693949374582938)
(35590, 0.33470996651572327)
(2496, 0.3319987482122751)
(1399, 0.33030761997370184)
(14748, 0.32383480001091658)
(38447, 0.32119995280986019)
(21513, 0.32036667337350189)
(14278, 0.31919280725409566)
(38980, 0.31612430310012857)
(2775, 0.3157718445861164)
(2439, 0.31360652040811254)
(39921, 0.31202167366310363)
(14425, 0.30587003358320808)
(38258, 0.29958610963254212)
(2842, 0.29628765206587165)
(7156, 0.29586007730673253)
(9099, 0.29490175102002919)
(14920, 0.29227468055310163)
(38856, 0.29200354028498321)
(39218, 0.29170582624649438)
(38598, 0.28992366934188063)
(2237, 0.28785369110703202)
(7539, 0.2877129228731104)
(2609, 0.28002353341136627)
(39953, 0.27738772251523902)
(2594, 0.27669505490969748)
(9373, 0.27344764471189476)
(38222, 0.2734086690673736)
(2660, 0.26879716150926497)
(1606, 0.26840352704688147)
(9256, 0.26560825661357229)
(7705, 0.26518689711453863)
(39459, 0.26514519571575168)
(39108, 0.26178644132276829)
(2544, 0.25420172750418391)
(6968, 0.25349843345092726)
(7203, 0.25299877942496568)
(2225, 0.25242389531742809)
(15276, 0.24976105405206997)
(2399, 0.24962635816269277)
(3252, 0.24935400171336383)
(6976, 0.24139253947259073)
(39162, 0.239792298064334)
(6558, 0.2381822752153552)
(36442, 0.23801087974862953)
(38863, 0.23620388941706946)
(38886, 0.23434550919450209)
(41604, 0.23103785360107046)
(15144, 0.23066801138316154)
(39590, 0.22906031656143744)
(38174, 0.22700187998446236)
(2022, 0.22656389265678697)
(39589, 0.22345667810383069)
(46590, 0.22104280126116249)
(15856, 0.21835640267117157)
(22231, 0.21467015292484506)
(15504, 0.2122552801050987)
(39696, 0.20730786832117187)
(39519, 0.20307702553005019)
(3053, 0.20224095611422846)
(3060, 0.20215547570247092)

(2136, 0.51979838510029841)
(36858, 0.51171599525386646)
(1743, 0.50162292007054166)
(42561, 0.45603417036010929)
(41865, 0.45233453884184588)
(43910, 0.44201781457765027)
(40398, 0.43338329366261574)
(22541, 0.42048875020888354)
(43202, 0.41972456392574736)
(2719, 0.34072448157175778)
(1199, 0.3334782601433251)
(2783, 0.3334782601433251)
(15754, 0.31292497384721213)
(2373, 0.31285754026818907)
(44864, 0.31185582270128503)
(3012, 0.28983878476238606)
(5309, 0.28900178373046342)
(8815, 0.2698685308544172)
(15711, 0.25977121105108314)
(1668, 0.25186160360010723)
(2133, 0.25068947200414954)
(8317, 0.24927376262585463)
(2574, 0.24388273430595617)
(15217, 0.24108692996952566)
(9172, 0.23782298793067008)
(15544, 0.23317927242511421)
(14921, 0.23114244429572628)
(1602, 0.22560894227214748)
(1744, 0.22555713565939647)
(3190, 0.22032313420719948)
(2259, 0.2200901583248856)
(14053, 0.21845704820688394)
(2088, 0.21802796614956657)
(22032, 0.21471963700017846)
(1419, 0.21423097708599645)
(1497, 0.21281482873519758)
(16006, 0.21230612707865437)
(14027, 0.21195466932595641)
(9134, 0.21081785383327253)
(15128, 0.21031622622282592)
(1577, 0.21021413646021153)
(14516, 0.20955084278014949)
(14177, 0.20740666261827875)
(6627, 0.20409614416618393)
(1440, 0.20327193559952619)
(2274, 0.20087034532848433)
(15215, 0.20037105774352826)
(15801, 0.20011011853633312)
(16048, 0.19872436215571804)
(15795, 0.19831798491873662)
(14181, 0.19422236194279946)
(21433, 0.19371413061574558)
(2260, 0.19367632786802608)
(1168, 0.19357296228900769)
(2096, 0.19208861495932258)
(5409, 0.19110512830335802)
(2665, 0.19069735904100632)
(14780, 0.1899115937750854)
(15294, 0.1890468580657533)
(15311, 0.18849306023291476)
(14299, 0.18837077497039362)
(15054, 0.18800091313230663)
(14673, 0.18792736696916656)
(14625, 0.18692210654043293)
(15940, 0.18688712416569564)
(14523, 0.18675175667953098)
(16120, 0.18651985787424971)
(1206, 0.18596611998023024)
(14708, 0.18588770107905736)
(14395, 0.18588309962075755)
(15438, 0.18447894484420058)
(2933, 0.18431000794703967)
(42935, 0.18399063856359849)
(15691, 0.18396760451831545)
(16130, 0.18384389049699523)
(23323, 0.18118605380529926)
(16064, 0.18092290454427667)
(14138, 0.18068412472942053)
(15271, 0.17980904599772854)
(15002, 0.17880093278007395)
(1828, 0.17878136487401142)
(2651, 0.17842616096673419)
(14679, 0.17806228479291378)
(2773, 0.17785498421421989)
(42958, 0.17742077569013678)
(3034, 0.17668095001451581)
(15849, 0.17624334345223544)
(7269, 0.1759048814601028)
(5538, 0.17534444924132186)
(1391, 0.17517160349711133)
(2925, 0.17417590046415826)
(15051, 0.17405603652855889)
(15033, 0.17403726768557889)
(14684, 0.17367789893895177)
(1807, 0.17342099731958605)
(1214, 0.17327509659920631)
(2296, 0.17275452596085586)
(14475, 0.17229664934159727)
(6908, 0.17171183132529164)
(14627, 0.17167375755400721)

(36100, 0.48973652483172647)
(14667, 0.48384268994206714)
(7156, 0.47824818479399062)
(14425, 0.4500268747044493)
(38863, 0.42509472679738769)
(1925, 0.3969271310168469)
(45976, 0.39459592951649353)
(43629, 0.39294137334666368)
(7344, 0.38822132123770375)
(35635, 0.38401975286902429)
(1190, 0.37530767304015578)
(15913, 0.37360334989936828)
(2490, 0.37332950822739269)
(15179, 0.36792547468753956)
(22962, 0.36243436346057389)
(2239, 0.35608258462784687)
(14796, 0.35034202099665673)
(39218, 0.33413764337498419)
(22127, 0.31646850937781762)
(38463, 0.31628012067173)
(2932, 0.31310369955953865)
(36779, 0.30869261949899246)
(1325, 0.30697609249938496)
(7704, 0.30513721428594737)
(15042, 0.3002876899522649)
(14802, 0.29824824782473142)
(2444, 0.29667747141596018)
(2399, 0.28953241136852387)
(15408, 0.28381686380862797)
(2036, 0.2795037193249354)
(6641, 0.26465280958883169)
(5198, 0.25529791881080766)
(1902, 0.25396158109835476)
(21915, 0.25335311518445741)
(5465, 0.25060504148370932)
(6516, 0.24976846964823479)
(3057, 0.24728042291332644)
(14857, 0.24588391601744089)
(5358, 0.24437196629322472)
(23142, 0.24402299312312797)
(2463, 0.24387489622221253)
(3183, 0.24311300090332061)
(2802, 0.2418469025568572)
(1261, 0.23842591960527812)
(1804, 0.23842591960527812)
(20407, 0.23813352910557178)
(3053, 0.2355236067332695)
(5317, 0.23536621194321411)
(1526, 0.23404577731439641)
(19529, 0.23345239377247914)
(22113, 0.23191605913584171)
(15533, 0.23125936320669199)
(15115, 0.2285861711925396)
(2916, 0.22614299817120273)
(15542, 0.21913565401995816)
(21879, 0.2172823947771097)
(16095, 0.21672872343973201)
(3206, 0.21659751055486387)
(5200, 0.21440361938082816)
(16032, 0.21427229640893847)
(1179, 0.21364358734732231)
(20419, 0.21289792976467575)
(42627, 0.21234030876139845)
(2901, 0.21171977289510355)
(9663, 0.21113125921176393)
(14003, 0.21027660956317076)
(21611, 0.2098036298043949)
(5089, 0.20963544337438422)
(1518, 0.20955934853284833)
(1971, 0.20915096047758489)
(2538, 0.2091148540336292)
(2914, 0.20808400094553561)
(6241, 0.20554768766667852)
(43288, 0.20469229912894452)
(1662, 0.20423945173518301)
(22354, 0.20348664708486797)
(15889, 0.20331224323438599)
(21875, 0.2027582758207315)
(14863, 0.20190732145617088)
(1877, 0.20100817630772724)
(1640, 0.20062179542194639)
(3093, 0.20040450277423699)
(1998, 0.20023786217072767)
(14920, 0.1998172293776462)
(2609, 0.19951452399444536)
(2225, 0.19923370713413552)
(1801, 0.19736418934422462)
(7480, 0.19649479404043213)
(2809, 0.19558660152297641)
(7316, 0.19403136513403332)
(16027, 0.19347775311506057)
(3023, 0.1929416516152174)
(2874, 0.19286534416824316)
(21715, 0.19265464491343678)
(6976, 0.19229107547837823)
(5458, 0.19140172520506596)
(14700, 0.1912648990511451)
(6130, 0.19005485236277664)
(4642, 0.18816012244032468)
(9777, 0.18747795736056125)

(46911, 0.29241674707299636)
(13402, 0.27713136060635574)
(43429, 0.25764740921083817)
(13717, 0.22661670091593661)
(13560, 0.22557991397826641)
(13888, 0.18432975297671472)
(21802, 0.1642491221517802)
(21722, 0.16418555031367293)
(21581, 0.16046327902645335)
(13475, 0.15270676190277258)
(5449, 0.15243582962451083)
(20865, 0.14598954561283453)
(15079, 0.13983652993174148)
(11806, 0.13051263001695404)
(10731, 0.12888492555870013)
(11323, 0.12813957723629807)
(13898, 0.12673958658731618)
(14326, 0.12492284769142674)
(19112, 0.12306072396886447)
(16064, 0.12229373387867325)
(1861, 0.12089594483153977)
(5409, 0.1202248831512993)
(22032, 0.11998347608498268)
(14999, 0.1194051501779772)
(14995, 0.11639484352905781)
(22587, 0.1152335416719782)
(8019, 0.11386287678883229)
(13203, 0.11309447445262662)
(9693, 0.11283410020770923)
(5281, 0.11254691346034855)
(10204, 0.11222906172603324)
(13204, 0.11130127291757966)
(22473, 0.10959702508343101)
(13229, 0.10951786994813173)
(14866, 0.10939974714845464)
(16130, 0.10920386595488106)
(2061, 0.10807561146537978)
(15315, 0.10773688523111409)
(15730, 0.10754685992655147)
(14942, 0.10667177509313552)
(1955, 0.10654924734494159)
(2505, 0.10640774157554589)
(15135, 0.10595693851736468)
(1206, 0.10556027809848316)
(16177, 0.10481912083059425)
(9368, 0.10466261895827209)
(1210, 0.10446352743023044)
(5783, 0.1044000271975476)
(16706, 0.10406053262387641)
(5317, 0.10402352179180629)
(13363, 0.1038558088252612)
(13884, 0.10363949171308436)
(15997, 0.10352959641116978)
(9420, 0.10304990400598996)
(1871, 0.10294112259508706)
(14189, 0.10265651978612271)
(13302, 0.10218285183033814)
(13772, 0.10190538132816575)
(14104, 0.10184349677503637)
(5599, 0.10167652545153952)
(15061, 0.10113881054765865)
(5169, 0.10063040229804143)
(22025, 0.10053940639014174)
(2288, 0.10026047430134567)
(2108, 0.10001052831021973)
(15227, 0.099854716914894642)
(13680, 0.099678330135491669)
(42870, 0.09956113138542097)
(7269, 0.099262857339726035)
(13979, 0.098745838172295222)
(1168, 0.098666971558006855)
(10109, 0.098429127113756371)
(5218, 0.098226198216382538)
(6681, 0.098092398882806645)
(15188, 0.097642850890242397)
(16922, 0.097548167085283355)
(13681, 0.097498172538712749)
(9109, 0.097311611704898299)
(22107, 0.097133548592477831)
(14937, 0.097019237027238234)
(15249, 0.096874201212027153)
(2773, 0.096690352907339211)
(12286, 0.096688943387494342)
(14351, 0.096664134814579819)
(1440, 0.096580398255373442)
(15798, 0.096562360775597572)
(2999, 0.096344871890227196)
(21906, 0.096320888051881895)
(5186, 0.095961243277501759)
(14780, 0.095877508065081815)
(21331, 0.095720141257252214)
(10560, 0.095463413651056997)
(13922, 0.095261756948624723)
(15128, 0.095044770574973902)
(1807, 0.095031881677625427)
(1896, 0.095031414523909605)
(16033, 0.094903074823081759)
(15414, 0.094864831245294032)
(14591, 0.094721064334333235)
(42725, 0.094710743171610393)

(13229, 0.40510170586420974)
(21581, 0.3620516273997072)
(13680, 0.33033438783557761)
(13290, 0.2853063913662004)
(13979, 0.27409311727944591)
(13203, 0.26928641388338981)
(21802, 0.26186318328018565)
(13623, 0.24904006493194797)
(10194, 0.23879543948539553)
(13176, 0.2312220658411793)
(12250, 0.21681712320477817)
(13772, 0.21638573578230805)
(13453, 0.21613045893028096)
(5449, 0.21166695481554315)
(32571, 0.20555546406407105)
(25367, 0.20505681383619481)
(13560, 0.20205494720389358)
(3165, 0.20023484610639924)
(11310, 0.19946483749244096)
(11718, 0.1980687968798206)
(10583, 0.18765481311941273)
(13888, 0.18576118063029656)
(9906, 0.18081299127690287)
(13884, 0.17808421533234275)
(38487, 0.17190537801828676)
(16100, 0.17120275148016326)
(11929, 0.17097880907634253)
(10248, 0.16654987835573942)
(36933, 0.16410181177079491)
(22923, 0.16342444265493505)
(16187, 0.15963380875473132)
(31151, 0.15897018395546428)
(13402, 0.15465820406052003)
(13419, 0.15306238449832393)
(26397, 0.15195056114341843)
(13204, 0.15179597378658663)
(38347, 0.1510463777392419)
(10829, 0.15085160248569568)
(1293, 0.1496480031653932)
(13681, 0.14678435898060621)
(21566, 0.14641979170383199)
(31781, 0.14374815922726614)
(26426, 0.14314087545560653)
(13529, 0.14298102548529945)
(35145, 0.14128067589946355)
(25124, 0.13990129187638808)
(11138, 0.13903382453834112)
(26764, 0.1384193363672378)
(26615, 0.1379731876804822)
(32564, 0.13770315258929866)
(27936, 0.13682446346502775)
(2959, 0.13549623110591741)
(26265, 0.13513320298901429)
(11860, 0.13488921168432946)
(13452, 0.13394100189507507)
(21635, 0.1330185066042486)
(11839, 0.13301309506054321)
(25443, 0.13270455162569314)
(14820, 0.13248735474530179)
(13363, 0.13218122792446271)
(27128, 0.13156602267448864)
(20937, 0.13116329768312598)
(45410, 0.13089518018426743)
(4409, 0.13088756796381446)
(38756, 0.13058192828592916)
(31244, 0.12999851955707173)
(26686, 0.12978645022897509)
(26123, 0.12925133631157285)
(2421, 0.12772735470776614)
(25591, 0.12764212936701821)
(31359, 0.12740365996050709)
(8557, 0.12737550283181753)
(10086, 0.12719892965994437)
(10877, 0.12612557638109245)
(18946, 0.1259599597157964)
(28112, 0.12474314809975381)
(36797, 0.12469580050459531)
(31738, 0.12375898070325111)
(12302, 0.12354032363628245)
(39375, 0.12310123058165934)
(15680, 0.12293919539344815)
(9444, 0.12287195464334472)
(13568, 0.12246887943929984)
(5687, 0.12229944433316796)
(21449, 0.11878626751975808)
(19049, 0.11878597366121169)
(19161, 0.11875168537729487)
(26547, 0.1186785247598153)
(13717, 0.11804905099757639)
(3296, 0.11767407441355117)
(14981, 0.11730306854796198)
(11254, 0.11720503929465687)
(21886, 0.1167691891731404)
(11960, 0.11603091275644861)
(13737, 0.11591789116010616)
(13192, 0.11573963732138154)
(13698, 0.11416761226105548)
(1213, 0.11345577598427872)
(26393, 0.11319132207139813)
(11883, 0.11290161700350086)

(24656, 0.37550321071559251)
(5926, 0.33955215562930635)
(21930, 0.33032934413165593)
(27283, 0.31258814892209796)
(9520, 0.30117361549354427)
(8301, 0.28804682363696849)
(5690, 0.28641204972734052)
(26811, 0.28300532715812338)
(23807, 0.26422256529988819)
(9837, 0.26141809178313719)
(25965, 0.25951066374303627)
(8984, 0.25147618292290397)
(25227, 0.24753630738964991)
(27839, 0.24743897051305441)
(24989, 0.24589094123904551)
(11058, 0.23748934357796131)
(8204, 0.2362620824452864)
(6499, 0.23386032085524727)
(11550, 0.22726058260714435)
(27615, 0.22377838217201851)
(26464, 0.22089002795303514)
(27249, 0.21441388014101737)
(21023, 0.21029845867326583)
(11633, 0.20884406251116791)
(26808, 0.20599636963947571)
(4396, 0.19597428457443627)
(20299, 0.19156955727845501)
(27752, 0.19049455784284344)
(24079, 0.19015896339887131)
(21578, 0.18669627651111206)
(9704, 0.18607632444699168)
(22132, 0.18380690241459749)
(17119, 0.18268385446682198)
(4967, 0.18229390100681203)
(28027, 0.17796347344051)
(22781, 0.17739254636276477)
(22175, 0.17684942490068822)
(24512, 0.17596750681482415)
(23839, 0.17587874283062718)
(25093, 0.17577432668795542)
(24939, 0.17479949534418643)
(21339, 0.17407069162833216)
(10687, 0.1739011062864538)
(26016, 0.17204289262772648)
(23279, 0.17133165452003671)
(20983, 0.17129967740548657)
(12339, 0.16895921410097617)
(26467, 0.1672900028956805)
(26438, 0.16694360699713501)
(4050, 0.16640082181559077)
(20707, 0.16620676763302247)
(21016, 0.16415520172964687)
(4708, 0.1633001460491102)
(6692, 0.16259472017654483)
(26288, 0.16093069214742012)
(20474, 0.15944122167788463)
(27206, 0.15643321471929381)
(13573, 0.15616038506568683)
(27090, 0.15400248246321938)
(24017, 0.15316289861664034)
(21563, 0.15295917711704113)
(20237, 0.15083038996583933)
(7089, 0.14971617837784723)
(35226, 0.149188674133339)
(21801, 0.14890955088842289)
(27988, 0.1481408992995083)
(18313, 0.14722534091638992)
(27140, 0.14604428181517373)
(5001, 0.14604009022929673)
(22706, 0.14192460049917668)
(17370, 0.1413078337215857)
(28265, 0.13929926915879845)
(27384, 0.13758571023345492)
(25916, 0.13754886676603748)
(20605, 0.13690882216356767)
(26147, 0.1364378886857493)
(27295, 0.1357894032801539)
(22140, 0.13563905208810853)
(25954, 0.1355963758264061)
(27243, 0.13522366241224157)
(24369, 0.13495076986120291)
(26787, 0.13390368617754581)
(24609, 0.13295973542593981)
(10271, 0.13254445625949438)
(9997, 0.13239211011517946)
(27191, 0.13234070572920204)
(24971, 0.13209017807421569)
(4427, 0.13124502934395996)
(3999, 0.13107132284092554)
(22105, 0.1307259622457424)
(23691, 0.13070347083438158)
(4154, 0.13057707264752083)
(20230, 0.12815259132624643)
(21063, 0.127769844354016)
(10821, 0.12754271124268318)
(19608, 0.12747830858602655)
(25717, 0.12701627064152499)
(26742, 0.12585521460312643)
(25428, 0.12577965370386227)
(20500, 0.12571808876761917)

(5359, 0.54479678158372935)
(25086, 0.46702203355727701)
(11520, 0.43487900205229751)
(28205, 0.42973848821029986)
(28194, 0.41853201097445059)
(25953, 0.40922998838069358)
(10895, 0.3762128731348518)
(11204, 0.3743943792092761)
(26196, 0.3698033333741409)
(26108, 0.35824924993979168)
(21475, 0.33246332377729443)
(12095, 0.32831724122713529)
(26631, 0.32759087059770192)
(26513, 0.3193388004201041)
(21426, 0.29397931325630156)
(22036, 0.28995808913804111)
(25425, 0.27820643461904787)
(10413, 0.25316567931017492)
(11175, 0.24610984934892835)
(29174, 0.23394405851100808)
(21604, 0.21864766415146317)
(28088, 0.21493605737057714)
(10644, 0.20304970405127587)
(32845, 0.20172471078525192)
(34761, 0.1972558757963834)
(26668, 0.1967932160919322)
(30108, 0.19535088841509221)
(11857, 0.1907695437676461)
(32740, 0.18798807194920739)
(21377, 0.17649382385289947)
(11051, 0.17287734128625218)
(28104, 0.17107199893250155)
(30346, 0.17094187454415199)
(27576, 0.17011361189732574)
(33117, 0.16638323775049582)
(30082, 0.1655183092791572)
(21898, 0.16370808528256592)
(27397, 0.16017431580478192)
(12427, 0.16003910572303739)
(25592, 0.15889013144806882)
(26683, 0.15349331452748671)
(26269, 0.14806057702541081)
(27832, 0.14779236075493263)
(25560, 0.1414026331346768)
(30871, 0.14130824983026036)
(13728, 0.13999760855242327)
(25085, 0.13998640178680347)
(27726, 0.13913694560355036)
(33140, 0.13851823076548059)
(32881, 0.13839187693019431)
(22243, 0.13795322759592205)
(26794, 0.13344238625539237)
(11677, 0.13315755974853177)
(11998, 0.13273260809986134)
(10724, 0.13214656639945996)
(11191, 0.12947688301023283)
(787, 0.12932359655910833)
(25887, 0.12855746897934758)
(11690, 0.12812673755720685)
(9085, 0.12707056675529782)
(27362, 0.12454301299938139)
(9123, 0.12213685568338137)
(21313, 0.12154350867727456)
(29577, 0.11590976123932634)
(27127, 0.11577588679253621)
(26340, 0.11541090699400622)
(11057, 0.11377816967072137)
(25105, 0.11362474001723677)
(9626, 0.11245934272286097)
(33157, 0.11244372244137868)
(11704, 0.11240214002517791)
(3820, 0.1109155592704484)
(25694, 0.1099495747294931)
(25751, 0.10991178619114904)
(26045, 0.10981854947702033)
(4400, 0.10814824018650984)
(26243, 0.10700281366728807)
(15253, 0.1067144539832377)
(25465, 0.10595262148963626)
(11145, 0.10531345528938767)
(10898, 0.10502739277681414)
(10324, 0.1045622778771971)
(10440, 0.1043662252031025)
(24271, 0.10430341193619638)
(10092, 0.10392463655044847)
(10610, 0.1037998950048688)
(5301, 0.10331097366216545)
(9324, 0.1028947217673077)
(21720, 0.10283206869575909)
(27164, 0.1024194911521176)
(26271, 0.10224230391861619)
(26114, 0.10167146601416736)
(24791, 0.10165909111622851)
(25075, 0.10144846335279072)
(11399, 0.10142406263444878)
(3685, 0.10085640664605802)
(12432, 0.10066672776785766)
(12078, 0.10031454493989499)
(30472, 0.099543504967856314)
(30220, 0.099253916168489872)

(11171, 0.42215198117571268)
(10588, 0.39624921490579101)
(26068, 0.38417725762739008)
(26558, 0.3766193632473866)
(26613, 0.37569372884751773)
(25072, 0.36462820805548807)
(27054, 0.34441575340716829)
(5513, 0.32599925574263955)
(5284, 0.32563455139358966)
(12182, 0.31985716618407362)
(11645, 0.31943514387422256)
(11026, 0.31149868519488078)
(6184, 0.3106665158633819)
(25102, 0.30465714074820216)
(9473, 0.29683158459367864)
(21284, 0.29606800147534851)
(27951, 0.29347559160993919)
(5244, 0.28196380672335442)
(25951, 0.2710571569475777)
(6877, 0.26946130341072183)
(9330, 0.26112098297130221)
(36832, 0.25814819110899456)
(765, 0.25723932750097578)
(10571, 0.25465851849192755)
(11185, 0.25182235400235981)
(26427, 0.24917446910757099)
(21527, 0.24833841112550728)
(21102, 0.24757441993998516)
(6203, 0.24682195139445889)
(207, 0.24448462325930703)
(21313, 0.24307774855774042)
(11037, 0.24120926039525234)
(26609, 0.23796352400937251)
(25973, 0.2318809131879066)
(25434, 0.23069023130247526)
(28080, 0.22838865591553034)
(26821, 0.22735034083951797)
(12041, 0.21443143318547458)
(23792, 0.21326870368997253)
(10740, 0.20720196934518667)
(10500, 0.20676903273005595)
(27307, 0.19969286409616196)
(10956, 0.1898671801990422)
(12428, 0.18972116375576017)
(6284, 0.18611726215140981)
(12440, 0.18148937476204446)
(10814, 0.18106572467415874)
(5496, 0.17686135997267607)
(21768, 0.17247867732221336)
(45801, 0.17174258542307769)
(10111, 0.17141037173811011)
(3737, 0.16461944735046022)
(5532, 0.16431362545468359)
(26258, 0.163178203894211)
(24271, 0.16256764987145991)
(466, 0.16174862411318525)
(23203, 0.15899548582598477)
(27266, 0.1552946920052167)
(28066, 0.15416613794750036)
(8766, 0.15380602583415173)
(21710, 0.15298116639937512)
(7204, 0.15176952524395668)
(19304, 0.14960606480808022)
(12460, 0.1462148285874143)
(23577, 0.14388220403665922)
(11451, 0.14275583518920229)
(7628, 0.14228184524652968)
(68, 0.14033411206453286)
(5489, 0.13993151615103991)
(3237, 0.13750632703592558)
(1036, 0.13655287866472118)
(23013, 0.13470320362635316)
(22871, 0.13469781625776639)
(22088, 0.13170983262515221)
(6670, 0.13073722567759433)
(23205, 0.13019730234070279)
(6242, 0.12992195950771401)
(5425, 0.12628082852877884)
(5226, 0.12565496337065377)
(8493, 0.12533383471168444)
(21926, 0.12389886142351858)
(27816, 0.12295663488341566)
(36808, 0.12245950372041632)
(21928, 0.12184431063251763)
(12352, 0.12083712061002945)
(10935, 0.12079334492416502)
(6157, 0.12064339444442795)
(7050, 0.12056313848335579)
(20800, 0.12041909249649187)
(23190, 0.12031345300880679)
(24427, 0.11943700020008449)
(27347, 0.11893367161446736)
(33411, 0.11883565791890394)
(10079, 0.11841679170243354)
(23015, 0.11731237860536398)
(17755, 0.11461401971614241)
(26739, 0.1145001185352391)
(14342, 0.11361941468697366)
(26128, 0.11327144227877572)
(23507, 0.11321627491481852)

(4954, 0.41737100007844019)
(34356, 0.41265244351702057)
(35108, 0.39876311510933393)
(20429, 0.37962800199396451)
(19708, 0.37272430092545233)
(20279, 0.37268484222647347)
(19449, 0.35778282179941329)
(28363, 0.23098005376740788)
(3215, 0.20636795164539307)
(43950, 0.20394128703034928)
(34621, 0.19767607167049034)
(29671, 0.19353029848400027)
(21718, 0.17248851826614439)
(7250, 0.16519352251878067)
(12784, 0.16236587598904767)
(34476, 0.16149036868179401)
(20619, 0.16081145154906029)
(34452, 0.1601326058417154)
(29754, 0.15957572617004959)
(29194, 0.15722468031548859)
(4356, 0.15718271857551888)
(19880, 0.15714444757727944)
(17941, 0.15701908462680214)
(34541, 0.1558141342956213)
(34894, 0.15521769589515289)
(20014, 0.15388392465438933)
(20408, 0.15346992827918657)
(4057, 0.15160534515436785)
(9091, 0.15058572356694275)
(21841, 0.15016564253429626)
(36865, 0.14968639228010561)
(39777, 0.14876954521307334)
(34585, 0.14835722111375396)
(19714, 0.14756130214679591)
(20641, 0.14592104151485885)
(20054, 0.14460916621046485)
(34351, 0.14419523415844482)
(34387, 0.14392264200481006)
(4937, 0.14381448619226742)
(29582, 0.14341206274621918)
(5150, 0.14313489198738621)
(34938, 0.14306106291230133)
(4683, 0.14218407546766434)
(4866, 0.14016493439772434)
(33197, 0.13969249807325193)
(19356, 0.13958489332454338)
(34721, 0.13922938990179751)
(34471, 0.13913628216064555)
(20659, 0.13906498593432323)
(4893, 0.13852001555953902)
(34989, 0.13760874960093558)
(20006, 0.13711031611951766)
(4705, 0.13675865740167395)
(21871, 0.13667338822828554)
(23325, 0.13602459896290936)
(35193, 0.13586689815151545)
(19545, 0.13558504316356756)
(34832, 0.13506952940291192)
(35139, 0.13447909611019271)
(19658, 0.13438101734630431)
(19468, 0.13408458807310647)
(4731, 0.13393546678278839)
(6475, 0.13371103689306166)
(4648, 0.13370672649285273)
(34833, 0.13362480272012575)
(20284, 0.13329264853587075)
(19542, 0.13301800247562251)
(19393, 0.13162414184690507)
(34995, 0.13120365283189794)
(4631, 0.13095550688755922)
(4300, 0.12991302180133399)
(20504, 0.12984331468970711)
(35020, 0.12982401984747674)
(34383, 0.12967643354221714)
(34781, 0.12953882309007922)
(46228, 0.12851635220366489)
(4868, 0.12849006643634073)
(19781, 0.12837709003834005)
(8628, 0.12826045362215613)
(18696, 0.1280613291665286)
(19801, 0.12766743544134673)
(4215, 0.12576476820469365)
(34460, 0.12568950595613892)
(5251, 0.12477248448238418)
(34495, 0.12454023471097353)
(5036, 0.12440113744381336)
(4679, 0.12436104860263793)
(20516, 0.12422334975180223)
(34489, 0.12389679680402278)
(20418, 0.12389267103263302)
(19637, 0.12379864507616473)
(12544, 0.12312835599763358)
(5092, 0.12310700805547106)
(20501, 0.1229920833085678)
(34589, 0.12260766309566525)
(20725, 0.12160356096883028)
(12399, 0.12153499264244418)
(4245, 0.12147378951869416)
(20636, 0.12122974501263131)
(34670, 0.12119807529162833)

(22053, 0.44129654490628728)
(3524, 0.41869147405444446)
(3560, 0.41869147405444446)
(10388, 0.41329130721859336)
(24177, 0.41207767011281543)
(6679, 0.41096111657545331)
(10700, 0.3950641171744661)
(25619, 0.39117731610758799)
(26024, 0.38945961905896748)
(3760, 0.36893988095739566)
(11507, 0.35945005800479135)
(3705, 0.35429703855942102)
(6131, 0.35214041675329449)
(3279, 0.34633489231178088)
(3740, 0.33976683652284667)
(12424, 0.33593391067221662)
(3436, 0.33225557265655148)
(24118, 0.31881147214016631)
(3286, 0.31623407818805771)
(22379, 0.31609549668965881)
(26757, 0.31578664160752545)
(3507, 0.31324359501909804)
(27711, 0.30926941098167021)
(10992, 0.3059905814748608)
(3718, 0.29751482812232183)
(3980, 0.29231065712908805)
(25031, 0.29057913258835316)
(9483, 0.28900332178233007)
(3639, 0.28359905385723155)
(5277, 0.28224433160494045)
(25645, 0.27833420972508416)
(22178, 0.27671279325314435)
(6805, 0.27617525032130907)
(18231, 0.27151871436045127)
(9901, 0.27108775324410828)
(12119, 0.27097605633585298)
(10746, 0.26789637294649238)
(28206, 0.26199086830682533)
(3722, 0.25956438294261786)
(3313, 0.25308254291665111)
(12206, 0.252044080950594)
(11553, 0.25062459653334757)
(5701, 0.24816434346744873)
(3922, 0.24683973640324822)
(25692, 0.24562356635778945)
(10114, 0.24116856290432956)
(27162, 0.23969432669210586)
(28109, 0.239099231582173)
(3324, 0.23849847310469982)
(12484, 0.23734618523308804)
(10649, 0.23434870507362493)
(3458, 0.2328388421832028)
(26958, 0.23095808439037452)
(26766, 0.22939278666759119)
(6659, 0.22871310900664499)
(12456, 0.22732475608199124)
(26137, 0.22385651144876942)
(27338, 0.22266605453867686)
(26109, 0.2226577409831918)
(27603, 0.2222814495301878)
(12466, 0.22177169002609592)
(10825, 0.22171224314403801)
(26986, 0.22076921094213611)
(25341, 0.22048630400075747)
(5531, 0.22045279046420665)
(23088, 0.21812863577033223)
(25375, 0.21703360991839982)
(18767, 0.2151786351189974)
(28105, 0.21504174335137302)
(25907, 0.21421409885401529)
(10332, 0.21383511567305821)
(10450, 0.21374469869710028)
(3669, 0.2132343613106101)
(8554, 0.2131437153837569)
(21186, 0.21208297770372317)
(3739, 0.21108076171303372)
(10267, 0.21087941445157821)
(27489, 0.21061597666733586)
(3864, 0.21060695417518621)
(11669, 0.21034446299465007)
(28161, 0.20601394280569321)
(25288, 0.20575150988505214)
(11329, 0.20381621057797747)
(11731, 0.20380318565550401)
(12039, 0.20353104177966627)
(21289, 0.20273253640591682)
(27333, 0.20215092799501516)
(11157, 0.20141535421616777)
(25900, 0.20084347824586521)
(11966, 0.19924424796001911)
(27735, 0.19837876457320999)
(3439, 0.19792741658911198)
(21432, 0.1976087112933097)
(27740, 0.19712453523035434)
(26421, 0.19438452237802534)
(6056, 0.19287397237049786)
(27357, 0.19234890931207804)
(3743, 0.19226901097472093)
(26946, 0.19181144901796451)
(25108, 0.191208612922005)

(3949, 0.53458974076726573)
(3304, 0.52269899550144705)
(3905, 0.5226552316777141)
(28067, 0.50041437538834332)
(3426, 0.48379119879948568)
(26923, 0.47719456074869665)
(9733, 0.47149874958002191)
(3944, 0.46335391160980177)
(27830, 0.45981193729445491)
(3491, 0.45005639932038261)
(3500, 0.43814198321499226)
(25063, 0.4380401828445738)
(25601, 0.43442451215015648)
(26988, 0.42872444779751356)
(26471, 0.41418902896321053)
(8691, 0.39515960714904963)
(3404, 0.3928510226498973)
(3415, 0.38270717058163384)
(3380, 0.3808901756768393)
(3891, 0.37987876867544956)
(3696, 0.37866720559725664)
(26999, 0.37314536436427548)
(3775, 0.35861024489169563)
(3774, 0.35385186723422341)
(25742, 0.35257603580766189)
(3663, 0.33805946492588612)
(3933, 0.33776135948996333)
(20916, 0.3232855373552927)
(25811, 0.3169585256382777)
(21533, 0.30861071179485061)
(3538, 0.28745797394518052)
(11328, 0.2863826563501648)
(8501, 0.28420978886592396)
(5301, 0.28018712013966135)
(12373, 0.27908622936472727)
(3910, 0.27501143672494027)
(25977, 0.26831514636391307)
(21022, 0.26662418917176389)
(7669, 0.26623828763163276)
(3509, 0.26622128738639245)
(3590, 0.25974888421187664)
(25042, 0.25930258593484279)
(11155, 0.24910795393080179)
(20858, 0.23519347905652535)
(25075, 0.23514738199496313)
(30265, 0.2347962945893943)
(27323, 0.23210833763998259)
(3400, 0.22800693973586392)
(23316, 0.22579647604371741)
(3494, 0.22293606290525164)
(27941, 0.22290042822044934)
(27601, 0.22075526900333317)
(3634, 0.22068221633261706)
(11595, 0.21981532861590425)
(3914, 0.21975037169468153)
(3556, 0.21966095182142004)
(3975, 0.21852632451311921)
(3683, 0.21715369347408214)
(10621, 0.21590184034117899)
(23469, 0.2147034357339104)
(3754, 0.21438514339543027)
(20056, 0.2131431270448273)
(11956, 0.20983881972478616)
(3882, 0.20709102151930842)
(27776, 0.20621913141189563)
(21541, 0.20609436900820305)
(10114, 0.20583025553433726)
(3867, 0.20469928075388727)
(3873, 0.20220191036840399)
(25150, 0.20218419672858234)
(28160, 0.20172878567465721)
(11731, 0.20140381846008973)
(11538, 0.20133261750890208)
(11238, 0.20130654613341512)
(30342, 0.19951589383383728)
(10737, 0.19811312239874865)
(12037, 0.1961744985804352)
(22178, 0.19534588367499026)
(11608, 0.19466123752240694)
(3468, 0.19390047410680014)
(11207, 0.191606255100741)
(10710, 0.19157941807710194)
(10256, 0.190702817304025)
(667, 0.19034929245198237)
(3356, 0.19018945258904199)
(3920, 0.19004311511443561)
(26958, 0.18940926301052471)
(3567, 0.18924002029291731)
(3576, 0.18923055786617021)
(20869, 0.18914134011394737)
(3266, 0.18785373881959358)
(3890, 0.18738712098513824)
(25338, 0.18447954388033422)
(11870, 0.18424491670496834)
(3913, 0.18415807147460675)
(21253, 0.18382271535931721)
(21844, 0.18311148545143915)
(11611, 0.18232292379804743)
(26291, 0.18155016430728235)
(21524, 0.18038581777578536)

(25646, 0.53346541721462803)
(25844, 0.52376710350941758)
(25578, 0.50173066328819638)
(21636, 0.47490213574186729)
(21394, 0.4592057799692153)
(45768, 0.45610420376843386)
(26747, 0.45483913357668604)
(11984, 0.44146712287262113)
(27895, 0.44080916059739633)
(10556, 0.43800660981397133)
(20950, 0.43671197917272753)
(27125, 0.43007420352115266)
(21834, 0.40244493518042612)
(12327, 0.39899155789454277)
(21037, 0.38466651036195809)
(3607, 0.37710496483440487)
(27481, 0.36572135721253307)
(3337, 0.35951086494173412)
(20990, 0.3434440769038386)
(21125, 0.33823455107628758)
(26194, 0.32986893090815333)
(26431, 0.32654730007385224)
(21829, 0.30771208609323047)
(21623, 0.30694233152355122)
(21234, 0.30570415915635779)
(25914, 0.30220922331217515)
(10125, 0.28540878418553639)
(3562, 0.27482772082512075)
(21220, 0.26668794328476142)
(27905, 0.25516734974559319)
(26953, 0.2544814837351258)
(21200, 0.23011465764832159)
(32679, 0.18159476945142794)
(3532, 0.15796090519792935)
(33143, 0.14167401076545014)
(33007, 0.13721390621322585)
(25977, 0.13403397373440562)
(9190, 0.13268781672045851)
(32640, 0.13134975155912004)
(19470, 0.12580235066529519)
(36467, 0.12415054328429732)
(33593, 0.12262184509710758)
(34151, 0.12201439405058674)
(28223, 0.12102020273846531)
(33745, 0.12066293339947874)
(32833, 0.11989382687944553)
(11438, 0.11925785300928252)
(12346, 0.1187585307443417)
(25310, 0.11602004838385009)
(1946, 0.11533274161220604)
(33109, 0.11474738490539006)
(27088, 0.11364369015030508)
(19989, 0.11282041787711732)
(27978, 0.11274598113687384)
(28662, 0.1120300929895494)
(23689, 0.11176398123414071)
(7976, 0.11140844395913374)
(38027, 0.11110722356251455)
(10901, 0.10844654616936561)
(667, 0.10813436275127883)
(33361, 0.10780293754970942)
(33923, 0.10739821855539236)
(13596, 0.107029592501253)
(45, 0.10686424761593179)
(10723, 0.10627874828492079)
(21533, 0.1062117252827823)
(14407, 0.10550334158648589)
(10608, 0.10527996014143422)
(33920, 0.10521814026175112)
(33837, 0.10426853470204367)
(16175, 0.10392428719043985)
(23391, 0.10319776194716088)
(12387, 0.10311685575513198)
(10245, 0.10308761310011721)
(34701, 0.10194189364668758)
(33416, 0.10189927454591852)
(22481, 0.10188051609533526)
(18573, 0.10178384260541516)
(20916, 0.10169314096387819)
(33955, 0.10145422166701878)
(30723, 0.10140073354897325)
(9399, 0.10099918668607603)
(6113, 0.10035762468695721)
(9651, 0.10018575829332112)
(21541, 0.099821555502764045)
(11751, 0.099421647075819103)
(18862, 0.099085133043680218)
(18182, 0.097494119633323786)
(28079, 0.097394534232662755)
(20818, 0.097184601358572473)
(24711, 0.096931979607243493)
(4826, 0.096771338149282959)
(33977, 0.096095215851882382)
(26384, 0.095961468699437058)
(163, 0.095884016768466987)
(33575, 0.095862583071897461)
(10209, 0.095585533611454263)
(7555, 0.094884008094599862)
(31834, 0.094216965147638068)
(21556, 0.093371794153639928)

(27955, 0.46399770025303544)
(26855, 0.44898357173524128)
(15837, 0.44161333957664922)
(27809, 0.43263137891055659)
(27300, 0.42415297928787549)
(26716, 0.41111013227410365)
(21259, 0.40923261391743981)
(46680, 0.39223039236807755)
(10335, 0.39178034547565144)
(20973, 0.39012158583534756)
(12226, 0.38096134284751543)
(14680, 0.3803985718277223)
(10514, 0.3518339621927446)
(26154, 0.34395759448218283)
(25634, 0.33111403215634305)
(10707, 0.33071259506643147)
(11245, 0.3193974820583973)
(21897, 0.31546308173162219)
(397, 0.29428102617353552)
(11873, 0.29428102617353552)
(21256, 0.28325903962944959)
(21407, 0.28241379765405206)
(21749, 0.27733049750289068)
(839, 0.26487979925111627)
(25615, 0.26100829675353959)
(73, 0.25764878096690702)
(2284, 0.25385451381465579)
(43947, 0.231821429094002)
(20935, 0.2312787526894457)
(129, 0.22994058926001978)
(15, 0.22820484710946354)
(21356, 0.21990396336912413)
(999, 0.21161426481399193)
(11455, 0.20916019362872657)
(15963, 0.20634949741926131)
(659, 0.20397018577092704)
(21230, 0.19544395058757794)
(12151, 0.17883882187076838)
(657, 0.17719132467963231)
(588, 0.17519142139262542)
(20849, 0.16883696096486478)
(20672, 0.15846476290187886)
(11168, 0.15665090571781476)
(24978, 0.15275838798873639)
(14778, 0.14461198352327592)
(22156, 0.14280405044402125)
(7818, 0.13935848213512603)
(1085, 0.13758678084151355)
(27201, 0.13650291434248218)
(21885, 0.13193163038068526)
(12454, 0.13160238740024949)
(10430, 0.13137828298683152)
(27921, 0.1305167949272405)
(26585, 0.13037025044766629)
(33294, 0.1295641684347158)
(19247, 0.12942932065866283)
(20227, 0.12832367611862616)
(89, 0.12829806084451109)
(20043, 0.1281770589486983)
(20874, 0.12789570609876)
(18726, 0.12401362069916415)
(24485, 0.1222188246888562)
(23898, 0.12221408245590223)
(6802, 0.12196709802012703)
(21085, 0.12175351397105298)
(6075, 0.12092215841347223)
(2614, 0.11964171376159695)
(22535, 0.11961879878361345)
(24123, 0.11957269304162679)
(21403, 0.11840729427501914)
(6978, 0.11589743499524409)
(3084, 0.11414434980102003)
(962, 0.11231577197432634)
(27667, 0.11158082953184487)
(8011, 0.10892129736853479)
(21191, 0.10880318665762041)
(27390, 0.10613972558932387)
(4781, 0.10612988768795721)
(24707, 0.10576935621601552)
(10099, 0.10556704680111789)
(14191, 0.10457364616938876)
(25608, 0.1034525870741264)
(24946, 0.10333326837420784)
(21854, 0.10281439272394761)
(716, 0.10280663793079568)
(22863, 0.10263824725490284)
(23508, 0.10239503173011535)
(7204, 0.10199418628153395)
(12113, 0.10083801479958435)
(22257, 0.10066317933756658)
(10768, 0.10064006286071082)
(9907, 0.10006099717136033)
(7730, 0.099848754224078753)
(117, 0.09932931883889054)
(27983, 0.09932087027118959)
(26461, 0.09928632224183627)
(27543, 0.098882492354918319)
(21826, 0.097904593457236413)
(26299, 0.097387477742685205)
(24689, 0.097358891130845684)

(45964, 0.39469935955027091)
(25855, 0.36733976311668565)
(25488, 0.35815179676144832)
(20943, 0.34176223646454579)
(10391, 0.33674097136600228)
(20992, 0.32554674760411878)
(20907, 0.31868822533460928)
(20833, 0.3174969151906662)
(11590, 0.30700670449873529)
(7093, 0.30356239402680096)
(6213, 0.29891528907485926)
(10106, 0.29180446383260694)
(12238, 0.28391163045429851)
(21503, 0.27531090924801715)
(7835, 0.24539393047546454)
(21760, 0.20078429734251027)
(21748, 0.1899838902082546)
(21092, 0.18102713373064508)
(20789, 0.17185280499114086)
(591, 0.14122374912508032)
(21157, 0.13861470719645372)
(20860, 0.13859129301335962)
(12184, 0.13811460952121093)
(229, 0.13635081909187405)
(7204, 0.13515321208964381)
(21926, 0.13444872152662146)
(5489, 0.13367696717326538)
(22428, 0.13209962288676264)
(5425, 0.13133205017769947)
(20228, 0.12897680299528244)
(19963, 0.1289398907202445)
(23205, 0.12830046525433347)
(794, 0.12717110862678788)
(8251, 0.12702763588177934)
(9538, 0.12637804378048365)
(10430, 0.12558503594850307)
(12105, 0.12377649351352901)
(5393, 0.12338341400834134)
(19842, 0.12323089809661626)
(21763, 0.12151834548868969)
(87, 0.12044515862810226)
(22091, 0.11991763871283161)
(21158, 0.11805313846951557)
(21340, 0.11701969132752954)
(675, 0.11663015619188662)
(1195, 0.11615149779673384)
(21683, 0.11596312265144026)
(21450, 0.11581220065359929)
(21973, 0.11520694536835722)
(837, 0.11506374287860835)
(20498, 0.11317006080184426)
(5275, 0.11034024158648567)
(22085, 0.1090687882244947)
(21136, 0.10816696278169775)
(3959, 0.10661415493616781)
(8013, 0.10654214621415983)
(724, 0.10635867106400491)
(10511, 0.1059934567484883)
(7073, 0.10582813149774349)
(12686, 0.10561246782428146)
(22, 0.10535108545252655)
(9904, 0.10491268625969079)
(15199, 0.10486798975716329)
(23015, 0.10481530685871455)
(21505, 0.10478456850906988)
(3003, 0.10462834406175422)
(22026, 0.10412637782438768)
(1142, 0.10396573136450682)
(21966, 0.10360773601887659)
(21321, 0.1034255895216413)
(23212, 0.10319168659083147)
(22942, 0.10285796236100099)
(21663, 0.10285770189703371)
(18622, 0.10262502357107298)
(2093, 0.10226161708671803)
(528, 0.10216253575118005)
(712, 0.10216253575118005)
(146, 0.10203121597852849)
(18792, 0.10191096600262187)
(20204, 0.1016038556701292)
(9845, 0.10120367749585339)
(21098, 0.10102510293337179)
(6979, 0.10045936033619311)
(20748, 0.10001859738875668)
(1234, 0.099978086240978883)
(9726, 0.099855166531210043)
(9468, 0.09972094688488066)
(14832, 0.099603748458412231)
(17803, 0.09916724645768038)
(21191, 0.098990530635321594)
(18904, 0.098928304177048954)
(18649, 0.098767795902866912)
(21390, 0.098754517496999261)
(2780, 0.09852551570556127)
(7653, 0.098501725943353602)
(8688, 0.098278580104274912)
(8061, 0.097947311078394619)
(10135, 0.097904607276489475)
(6044, 0.097870407530316325)
(4215, 0.09722387009170172)

(10371, 0.49211260839013243)
(25296, 0.46869031340522532)
(25729, 0.46135383633569882)
(10178, 0.45248821273581935)
(175, 0.44863094561927386)
(369, 0.44863094561927386)
(11822, 0.4471951921118687)
(26521, 0.43149844729487458)
(979, 0.41879444660741316)
(21453, 0.4011529636547011)
(11977, 0.3953007933353565)
(27742, 0.38170630909402647)
(12404, 0.37696476625581365)
(26882, 0.37370798613427336)
(307, 0.32096515157824279)
(503, 0.23664017628058312)
(689, 0.2128124388650609)
(696, 0.14991799944858422)
(779, 0.13616881798455244)
(21157, 0.13233442833723955)
(123, 0.11986045708411568)
(282, 0.11928093442482973)
(868, 0.11573518745339209)
(3959, 0.11348648729243628)
(8688, 0.10857313556811722)
(25746, 0.10661800810838948)
(404, 0.10501341109043602)
(21227, 0.1039839122009175)
(972, 0.10034218534424853)
(1140, 0.09686110539846976)
(20011, 0.095642162088091454)
(43617, 0.093957379870495031)
(12430, 0.093310901334465388)
(12993, 0.092042505481514533)
(24453, 0.092021816614615004)
(32940, 0.090679249880330728)
(46024, 0.08990002542246496)
(20469, 0.089682110943056864)
(353, 0.088893280281365505)
(1002, 0.088779560830478665)
(21145, 0.088376694250830348)
(1048, 0.087884046985881203)
(837, 0.086853165300235055)
(609, 0.086201297799717677)
(36202, 0.085844051939120772)
(19582, 0.083918672195717456)
(884, 0.083674226325996678)
(20851, 0.083448354706865291)
(23668, 0.083188685114036903)
(12686, 0.083021512798480912)
(269, 0.082260176026339143)
(146, 0.082043371930332856)
(40, 0.081805940978409222)
(602, 0.081553139139652009)
(21556, 0.081522350301499263)
(2614, 0.081075983967672863)
(19783, 0.080920122701255023)
(26653, 0.080003744200548746)
(14347, 0.079941062798715989)
(21077, 0.079862226566901576)
(27072, 0.078427357112832649)
(18792, 0.07828769129096011)
(21732, 0.077970844576088341)
(20842, 0.077622102552844033)
(22219, 0.077585337567880344)
(51, 0.077111374917232689)
(21405, 0.076870498504070503)
(9817, 0.076364365932029041)
(23748, 0.076059122775028729)
(34506, 0.076034189189015208)
(27765, 0.075718238610866698)
(24279, 0.075716387052355755)
(23571, 0.075715966004387625)
(21136, 0.075694174718981391)
(19445, 0.075501188499327132)
(21259, 0.075398979034307298)
(24387, 0.075097404394510375)
(25380, 0.07503547066430738)
(228, 0.075031596409651569)
(7204, 0.074823214353133313)
(23295, 0.074423942286966568)
(25488, 0.074353337896739188)
(16389, 0.074150280254091483)
(1007, 0.07375677983987057)
(21503, 0.073572975431138318)
(20833, 0.07327530116383428)
(25297, 0.072982219220817532)
(498, 0.072972446063928803)
(23364, 0.072752871065500227)
(21760, 0.072460790833851083)
(21763, 0.072429958366383718)
(22091, 0.072421683689793903)
(328, 0.071922117552397802)
(538, 0.071843158978932523)
(22267, 0.071475000159006943)
(19404, 0.071321660400845255)
(18260, 0.071289983393315534)
(19302, 0.071206935284224143)
(19985, 0.071112707091084887)
(24491, 0.070780915300580047)

(25240, 0.54957803932367888)
(6946, 0.39293069998693381)
(11061, 0.39184656978854654)
(27682, 0.37253917479701115)
(21691, 0.36374060059480989)
(38781, 0.34144027258285203)
(25306, 0.32808661891974694)
(11095, 0.29111919127597718)
(26983, 0.25638593598100201)
(27299, 0.24999255169320889)
(5627, 0.24778605717163762)
(10171, 0.24401947221270345)
(27045, 0.24386532943145076)
(25123, 0.24088703621174892)
(12369, 0.24055721805102132)
(11105, 0.23864442773504282)
(10902, 0.23801701774503251)
(26045, 0.23524483982653924)
(12189, 0.23262506759061391)
(7111, 0.23132972531069901)
(25586, 0.23062359697939294)
(20583, 0.22863177954294858)
(4584, 0.22813305380094312)
(26858, 0.22709153816132624)
(28077, 0.22589802975823164)
(26307, 0.22381480049739999)
(10603, 0.2176595929675644)
(11431, 0.21678646268063617)
(12406, 0.21531212149207157)
(28045, 0.21485753153711273)
(12234, 0.2147548018140972)
(24232, 0.21437131308972496)
(6078, 0.21329308895686755)
(11921, 0.21302074633188936)
(23078, 0.21270188709493038)
(20896, 0.21228455831138177)
(25273, 0.21078603283010897)
(22447, 0.20833117687385883)
(26347, 0.20707716844186563)
(11785, 0.20382409928396242)
(12047, 0.20174626846022631)
(9723, 0.20170289065656652)
(27625, 0.19991980349663649)
(27303, 0.19944171618006998)
(11648, 0.1992390641604021)
(21142, 0.19887339850526672)
(20974, 0.19841184645832832)
(25978, 0.1973256738908262)
(25464, 0.19526947392071944)
(24706, 0.19440762772514847)
(11075, 0.19357392272616375)
(10653, 0.19108651287607609)
(27829, 0.18977102383786315)
(28040, 0.18927212853918976)
(10237, 0.18911375775021055)
(11399, 0.18898870501204651)
(22562, 0.1877041459602139)
(27964, 0.18762833464591747)
(25450, 0.18755548702879307)
(10942, 0.18724467950655388)
(20293, 0.18659517896192437)
(10780, 0.18632730905848344)
(26072, 0.18303123998685711)
(11030, 0.1829680616019807)
(27164, 0.18282089875277366)
(26271, 0.18260327622981137)
(12469, 0.18251526093775763)
(11765, 0.18225519833066245)
(26706, 0.18224746841709161)
(27693, 0.18223313538305358)
(25094, 0.18181587448995637)
(4759, 0.18150124483673816)
(7908, 0.18144847651809629)
(4051, 0.18067710355008762)
(27462, 0.1802962148932287)
(28111, 0.18017861954188727)
(26554, 0.18017092604896967)
(26688, 0.17994389629074525)
(11137, 0.17971957632817259)
(27833, 0.17935649619870764)
(8233, 0.17891448525550796)
(28051, 0.17827626566868338)
(27788, 0.17744124703295938)
(11150, 0.17666085882540633)
(23513, 0.17606706290589172)
(21995, 0.17600868660400984)
(27220, 0.1746061910093146)
(21720, 0.17448341457951799)
(5689, 0.1741354333777233)
(23259, 0.17293308737546748)
(10348, 0.1720780865795915)
(10001, 0.17012110776191253)
(10639, 0.16921050208709035)
(8464, 0.16890713206791724)
(27104, 0.1680863956855079)
(11962, 0.16724158898329555)
(11145, 0.16645831575901113)
(9996, 0.16615203580911012)
(7499, 0.16467775385748901)
(25677, 0.16426381134326962)

