(9367, 5497163.6444730377)
(6802, 3175184.2366819391)
(5529, 2445697.6925074523)
(7204, 1647441.9000070319)
(9387, 1616082.8710974175)
(8251, 1590810.1410023675)
(23427, 1564035.8859118519)
(5523, 1453822.5945233949)
(8565, 1025657.8263865084)
(19520, 994754.68396690604)
(22033, 976221.92525170569)
(23205, 957387.04382066103)
(9687, 919182.85461031436)
(36544, 879467.62194159953)
(22138, 865664.30688800209)
(24904, 844318.12458117481)
(23548, 830789.53983090387)
(19840, 781494.93255663244)
(19302, 762642.78070579655)
(9638, 732511.91928709892)
(5329, 725639.03882350854)
(18908, 671545.54017590394)
(23915, 664890.16097364086)
(22151, 659676.83756206394)
(5376, 648134.95766852621)
(7466, 636872.38768180122)
(5785, 635524.01416969032)
(20900, 616557.93625674769)
(5491, 609045.85352202412)
(15315, 599344.94707499025)
(22124, 589096.64214222832)
(18434, 588474.92212036275)
(24673, 567947.20917998382)
(5289, 566566.32556514849)
(22368, 559631.92104004731)
(24300, 553805.64375500334)
(5300, 553266.62531590089)
(5469, 546929.77548832609)
(20469, 546403.71073708858)
(5271, 542121.40424541198)
(18326, 536520.57312495774)
(26352, 534821.99495035887)
(30159, 534297.70868298167)
(21063, 511762.41330582532)
(24167, 510155.28088013973)
(38124, 505365.08848423831)
(24491, 504412.72246405028)
(5267, 493099.57864283363)
(22942, 488206.23655496427)
(5298, 486975.06022533972)
(17603, 479689.89165338193)
(23913, 476248.95385657233)
(12268, 475976.14153784129)
(21277, 472714.92343848239)
(18527, 472302.81308721087)
(27437, 468583.25901780283)
(24711, 466062.46119094087)
(22055, 465418.41047354921)
(17047, 464073.8730569178)
(5398, 459688.67581537092)
(9334, 456287.40704404243)
(39400, 451958.86970364739)
(21239, 449254.26420510677)
(20915, 446265.73278422852)
(5160, 442870.72381948133)
(9797, 442394.88721670699)
(21946, 441230.89435881504)
(3579, 440246.32077069645)
(46092, 438641.41037975316)
(22671, 437905.96956875094)
(8001, 437779.91176307015)
(18846, 432550.92892395885)
(20204, 426068.18131202919)
(38361, 423011.7138812943)
(5176, 422381.26394529821)
(26982, 422217.59643383708)
(22536, 417077.6380728287)
(21932, 416915.06069094525)
(18627, 415947.84813583159)
(3295, 411983.38989817398)
(6359, 406816.55298618908)
(39930, 406589.00691048539)
(8399, 405938.94648578099)
(3553, 403177.86492307921)
(3862, 402932.51931458386)
(6994, 399602.62709271774)
(17877, 398787.55757549481)
(18407, 398744.25360621797)
(26438, 395204.71011677047)
(5481, 393393.70317784429)
(20404, 390932.67292957613)
(5159, 387276.45774287143)
(19915, 386541.3672540189)
(23939, 384796.44148144941)
(22801, 381914.02228580305)
(20980, 378615.98851979722)
(5276, 375908.99466955179)
(20845, 372925.72995517968)
(22039, 372249.20316890383)
(24443, 372236.74363878783)

(6802, 7029238.5420258129)
(9367, 6319667.4950274248)
(5529, 3901092.2046155278)
(18627, 2382602.2105938983)
(24940, 2314421.7217859956)
(23427, 2192429.3047812986)
(6994, 2017935.7678521853)
(5523, 1991275.5375131243)
(23915, 1977071.613109533)
(7204, 1957342.8276470357)
(9387, 1881725.2672158652)
(22547, 1843840.8975387723)
(8565, 1538661.7300938577)
(22368, 1498711.9867733577)
(21543, 1497668.081615791)
(20469, 1460641.8983341237)
(12779, 1429594.7944981968)
(24457, 1397037.1497422485)
(24491, 1378336.9496245633)
(22536, 1361793.07442042)
(24904, 1354821.6030052267)
(22236, 1341931.4163600663)
(8251, 1319797.5303503128)
(9687, 1317379.1981152375)
(9638, 1197581.4987896536)
(18841, 1179331.0565093928)
(5785, 1172546.2557346346)
(19302, 1172124.689325972)
(36544, 1124565.2215905245)
(22801, 1118329.1236795851)
(22151, 1079355.7598296434)
(18787, 1073765.8170114632)
(18308, 985556.31831112353)
(21686, 979196.7513102839)
(24711, 970272.23693841614)
(18527, 966344.80357760994)
(23116, 963319.28706879367)
(23548, 961454.84546766256)
(24417, 950606.54511269182)
(21178, 947342.77214578656)
(21904, 935755.44496497279)
(46304, 931337.1287851847)
(23154, 916450.92168559006)
(5332, 916123.67092907813)
(24632, 894723.61264360533)
(5491, 878700.95525714685)
(23913, 877319.94633558136)
(17914, 875254.87491463509)
(24167, 866921.62431404192)
(18326, 864316.5671069168)
(23205, 862318.72104790516)
(17603, 849501.41265237459)
(22426, 837874.40942683606)
(23958, 836708.49945426686)
(19189, 834303.72437107959)
(5143, 825830.55139456084)
(23684, 824453.44016489771)
(21424, 803265.92081663397)
(24538, 798123.63332668226)
(20312, 791094.24153193948)
(20489, 790029.42075745249)
(21833, 767998.77206982672)
(24096, 761472.46389864082)
(6359, 760591.23274677503)
(9334, 734695.22486650408)
(23944, 729461.06347027642)
(22611, 718567.85181779077)
(8299, 699989.90177359269)
(30159, 689532.28698977386)
(3295, 689011.17563186947)
(39930, 688428.37321405427)
(17357, 683185.50197457755)
(19244, 677052.71041280066)
(25014, 676694.46776155964)
(15315, 671472.17851921997)
(24426, 661080.53420374508)
(46294, 660622.715248305)
(24052, 660260.60247637448)
(5280, 658690.24944787507)
(19915, 657262.52519144106)
(43691, 656187.79337853903)
(7145, 654263.76386321953)
(5376, 650115.88469664194)
(45484, 648725.06197693991)
(19039, 648186.25544957782)
(22219, 636297.8012505899)
(18843, 635844.51448534813)
(22942, 635576.07034155924)
(7623, 625042.53144197527)
(16804, 623432.9378298244)
(24387, 623313.84348563198)
(19218, 616782.78660219116)
(16721, 615575.94095381477)
(17933, 615169.70755891746)
(17687, 613383.81963372638)
(19971, 611313.88348714728)
(5348, 610767.17530130374)
(22080, 600107.31675198616)
(9031, 595757.28759686486)
(21143, 595023.73877891584)

(6802, 5588107.9649382504)
(9367, 5283592.4918988924)
(23427, 3883579.4602984628)
(5529, 3780629.1775764623)
(24904, 3574985.8289228496)
(9687, 1616611.874113807)
(23915, 1455281.0646800261)
(18627, 1337322.4294412509)
(22368, 1187410.386642104)
(7204, 1087112.3611368129)
(8565, 1080680.3702045265)
(9387, 1070674.6951659168)
(8251, 1043077.9031648393)
(38608, 1029655.5402568037)
(22801, 992731.20395261468)
(5523, 991405.15898775868)
(24457, 904044.57401115983)
(5785, 852427.90368856932)
(24632, 833085.05385966366)
(36544, 827854.09403048351)
(5461, 811270.40897218965)
(6359, 790246.4404501192)
(23548, 743281.17556360294)
(24538, 734798.49582821922)
(18326, 729011.39647433278)
(7479, 682926.40078932617)
(24417, 670607.84271219757)
(23154, 653286.08238937182)
(24491, 652619.74821060931)
(16721, 644078.034722646)
(22514, 632641.16239717719)
(23205, 617173.27793115214)
(19533, 610778.9127592966)
(17603, 605253.81775276572)
(5973, 600120.92761820706)
(18787, 595672.6344437683)
(22151, 594123.93516283378)
(39504, 593738.44468391815)
(46294, 593622.17146955698)
(5457, 586333.0660916816)
(27027, 580460.65360333899)
(22191, 573019.17976229033)
(9638, 555627.40680232074)
(8399, 551172.04259783088)
(19189, 542247.98804601794)
(7300, 518736.85300028452)
(6761, 510458.72031426441)
(10460, 508290.78803348955)
(22536, 491606.12260119105)
(24725, 489830.22794975614)
(23543, 486791.33275883086)
(6737, 482231.03960455186)
(24547, 481575.42990577384)
(24316, 481172.78091674286)
(5271, 477222.59532351058)
(19302, 475620.17010680615)
(5263, 473944.89387053938)
(23736, 473230.71511124104)
(27955, 469596.69564113684)
(18527, 467640.65210718522)
(20469, 459495.58754142124)
(18841, 458527.85332498793)
(44897, 445698.09997234261)
(21039, 443042.51107075257)
(25010, 438169.45411312819)
(17047, 436540.38607460557)
(22204, 435228.04880862235)
(22359, 432463.88124851906)
(5349, 427805.55158720608)
(38124, 425469.85986336303)
(18828, 422679.59856018191)
(18598, 419566.21316321328)
(23780, 419032.40183863073)
(7040, 417452.50190508895)
(6994, 416361.83727934118)
(18302, 414096.22815151192)
(24091, 411032.67308224592)
(22627, 409335.09612137795)
(17268, 409069.7498051828)
(22737, 407515.12981938833)
(5149, 405342.33123760286)
(23826, 401142.83263098955)
(23016, 396280.11778958241)
(23369, 396028.16581057868)
(46695, 394461.31225913862)
(39930, 392112.72241254768)
(5332, 391889.02222256432)
(45252, 389458.00348195672)
(9334, 384404.1803524351)
(7459, 382901.19920409017)
(23360, 382153.0456898667)
(24959, 381816.95033868274)
(22619, 379923.75289331604)
(24711, 375040.70868821425)
(22713, 374635.6571442915)
(24167, 372628.00077937741)
(21599, 372392.86945326073)
(22198, 372309.37245749263)
(19201, 371494.0137335296)
(10447, 370498.93021092273)

(9367, 3757504.2373323161)
(6802, 3665528.0896584233)
(5529, 2173957.8057293417)
(15057, 1829753.8411089918)
(27522, 1525505.8150153963)
(8565, 1519659.6341535302)
(5523, 1276494.8996356695)
(23427, 1237780.9950040558)
(7204, 1219318.0304798542)
(43497, 1179290.2572596564)
(8251, 1063570.8343929672)
(39504, 943297.77354838105)
(36544, 936101.512137944)
(9387, 902908.28187015769)
(38361, 856745.46276732057)
(15315, 831303.2981191139)
(9687, 822040.82666510844)
(26590, 808476.37169441464)
(18527, 789296.70898015331)
(15328, 782039.94107652723)
(24491, 778935.52353199711)
(39400, 773821.42929791077)
(22547, 767863.7882628158)
(23548, 758480.26960062864)
(24904, 742214.642116423)
(23788, 722145.88898772188)
(17423, 688416.42190909653)
(43344, 674167.63407675386)
(10579, 671412.40189667861)
(22130, 654877.55235018954)
(15220, 646643.96221126174)
(36501, 622507.69889910996)
(46227, 604181.46527861117)
(39930, 601162.17037012952)
(36925, 595174.96620546514)
(3579, 594666.28154298547)
(38720, 585826.69214038539)
(15017, 575560.57795837766)
(5478, 575211.59165906778)
(5264, 566449.48080840195)
(41431, 562157.09613270964)
(32716, 560876.45547788125)
(27095, 538992.68292879011)
(3295, 533065.45835001371)
(3587, 530455.28785766964)
(20469, 518599.42303736514)
(24387, 515520.69318154966)
(19302, 513864.62379935023)
(14433, 510540.00025242945)
(37015, 509763.01133292366)
(5785, 508053.72247510531)
(17603, 491493.66937752394)
(9638, 490151.5748352629)
(3862, 488250.37371538207)
(18627, 488229.15372794506)
(22151, 484839.75204021035)
(22671, 484562.83997138467)
(27492, 481317.22830285638)
(38651, 476110.03118043311)
(14738, 471634.50765545643)
(27358, 467404.43037000386)
(22801, 465627.3777510355)
(36895, 463823.6383450228)
(14410, 462987.38740500296)
(44604, 457257.90791082609)
(14924, 456948.61649947998)
(36811, 453029.15648038324)
(39408, 452318.72350668168)
(24167, 452147.67349159322)
(36911, 449264.78643963375)
(24381, 446770.35173998278)
(36870, 435558.2632324663)
(34849, 431367.59657234565)
(26088, 424734.57090213429)
(37750, 421222.17117152357)
(22514, 420481.88016396074)
(43423, 418711.37761942833)
(35591, 417061.39837224793)
(23915, 416442.34539039899)
(15131, 415661.09157994925)
(19840, 411853.68474793137)
(36995, 411546.96438754175)
(44897, 411497.12364136486)
(5164, 410796.40194778162)
(24426, 409287.33236822236)
(24052, 407958.72979332483)
(14683, 407753.79275779123)
(22236, 406359.22585226194)
(36875, 406205.14666621923)
(38124, 405691.32879381487)
(34891, 404411.01226298063)
(16721, 404294.9465253934)
(36873, 399127.73994759994)
(9334, 396891.81330076768)
(22428, 393959.915540341)
(18787, 390099.36070022092)
(18326, 388251.35313449625)
(30159, 388230.48128588195)
(1451, 383379.8303546962)
(23308, 380700.13829774002)

(9367, 2497210.1308521517)
(6802, 2295493.2000460736)
(13189, 1933667.0412714086)
(21972, 1423213.2794947734)
(23427, 1392169.3213602989)
(21331, 1344011.1670898339)
(5529, 997589.98821310431)
(24462, 966656.68617553404)
(21499, 966604.71399571933)
(13593, 963669.92498549819)
(7204, 930248.89667240507)
(45246, 893890.42475276929)
(36544, 876295.90694149002)
(21802, 849586.62202485348)
(13333, 788917.95649680786)
(12145, 784830.66393057571)
(13959, 783684.26043570228)
(25452, 771924.1333328922)
(5523, 732226.12359986012)
(13953, 730609.89453093987)
(8565, 715571.41082205356)
(26982, 713928.19267129933)
(15315, 700143.81514943438)
(7334, 698101.73733267258)
(13315, 686821.63632777554)
(43918, 669833.19671250507)
(13272, 668143.52059429546)
(24491, 625811.71251237113)
(46957, 624849.7195823564)
(24446, 613715.58996296918)
(21581, 608899.17122997344)
(13646, 594990.63396707433)
(24904, 594297.50359450188)
(13591, 588536.17972451483)
(8251, 580870.10041587765)
(6794, 579558.79044402181)
(9506, 578974.52693320683)
(23548, 567968.40004761179)
(9387, 532019.70175353927)
(9687, 527148.94820723135)
(13585, 521833.62070198829)
(21592, 514406.18005875323)
(13473, 511650.20206182735)
(13790, 508784.0038604053)
(25258, 505975.01197089319)
(13207, 501596.58818057261)
(10052, 500864.04751986184)
(13542, 494418.10107029043)
(13312, 490988.19280125102)
(3587, 490922.4559582902)
(26033, 479633.25442731206)
(13302, 463333.44541768951)
(11488, 462369.96157893148)
(13629, 460362.12851524079)
(13229, 430043.05371593236)
(10874, 429600.36135678255)
(13454, 428473.23272819043)
(3295, 428251.99122768361)
(15380, 422417.47815085965)
(5264, 419885.2005787681)
(25327, 419827.73684328765)
(13804, 409752.19616458932)
(17603, 398873.33438629337)
(45383, 396735.82512220537)
(15220, 388532.72593108891)
(23205, 387318.24799941917)
(13348, 384268.62463077263)
(10405, 383577.39293057396)
(13245, 382387.39214446029)
(23108, 382178.827245767)
(21449, 380146.18291395658)
(13330, 376245.48149957729)
(5785, 376093.94933017524)
(13491, 371902.30709395657)
(39400, 371866.70827809698)
(39930, 368444.70956257253)
(26273, 366482.31425733445)
(16804, 358240.53419340233)
(45062, 353819.59800070885)
(27518, 352379.99802323856)
(13432, 352099.54058669845)
(18527, 351892.61281310819)
(27525, 350152.39602920267)
(13772, 349519.22432766168)
(13363, 348154.98213123903)
(13323, 345680.10529503739)
(46350, 336736.69666247984)
(26582, 335855.77539517335)
(27678, 334333.13235730288)
(5491, 333839.14544514957)
(16721, 329360.0788284681)
(13670, 329063.07646385767)
(28004, 328136.5413678615)
(39504, 327527.69969834591)
(13655, 323469.69930770493)
(13926, 321449.78298654116)
(33989, 321098.24670203234)
(24933, 312287.31258187862)
(22547, 310966.28353298968)
(22801, 308259.35745166114)

(9367, 6841791.6600222895)
(6802, 4864862.0018608328)
(5529, 2160500.2332905666)
(3587, 1860646.1548150824)
(7204, 1774380.0059553105)
(9387, 1374417.1856321422)
(23427, 1354384.4011980663)
(8251, 1301375.8671530215)
(5523, 1229850.7552223143)
(9687, 1215553.0428055162)
(8565, 1157561.7100287487)
(36544, 1141814.4218083688)
(46159, 1139675.7623789369)
(21266, 884399.27437843196)
(23548, 831518.50432827533)
(24904, 828750.80534439615)
(5785, 788577.25112916203)
(21704, 748384.67595240532)
(23205, 722993.53478458873)
(9638, 700575.52980163274)
(5491, 688290.49110557314)
(20787, 627305.64633280993)
(22151, 625889.76911053096)
(17603, 617831.3063064937)
(465, 608097.78186076693)
(18908, 600012.35426141811)
(28042, 580831.48290428182)
(20735, 557377.53783539531)
(27437, 545072.35758845345)
(14833, 544053.87549495522)
(3295, 534873.13675119705)
(22801, 530650.4301569825)
(22536, 522596.70790814725)
(9334, 516563.39314014057)
(24491, 515348.87624612247)
(18527, 514493.21535210003)
(18787, 514175.19660207717)
(43640, 513678.42389129929)
(39400, 510428.39643598592)
(38361, 505323.38192703406)
(45964, 492652.74393973348)
(22942, 490019.23709968134)
(6359, 488939.76353909937)
(38124, 488788.34766600817)
(23915, 479546.06515121355)
(24443, 464275.67458612326)
(3862, 458759.32287879958)
(3579, 458113.95629537333)
(8399, 457588.46048551501)
(19302, 450313.5227814925)
(18326, 446926.77354352316)
(17687, 446337.7995610052)
(39930, 443385.00730639818)
(15315, 435882.01868867537)
(22547, 434420.90520836512)
(8299, 434229.82234625902)
(38720, 428004.06383013166)
(20469, 416983.85579267878)
(28122, 416665.74099069205)
(22514, 413099.98275603121)
(25766, 406526.25188105193)
(28068, 405220.64307440142)
(19915, 399720.34414443502)
(3822, 399335.00009666948)
(22368, 393121.16056519875)
(18627, 392473.109183555)
(22671, 391679.43832888739)
(24167, 382973.25226091)
(22236, 380907.37034251826)
(38000, 375638.30080670194)
(21954, 372159.97140633955)
(24300, 369145.51853431476)
(29619, 364605.46900782286)
(23890, 363563.34682417847)
(496, 363321.57979466522)
(46001, 362195.20839129708)
(18434, 357090.4842475389)
(43471, 355735.30503861624)
(25109, 354215.67480656796)
(24387, 353278.61440390442)
(39931, 352731.68202699564)
(7396, 351160.64857332385)
(20204, 347045.60103755642)
(36995, 346459.14151481196)
(20404, 345842.14509960864)
(16721, 345468.5484682048)
(30159, 345355.75158624788)
(24426, 344976.49290601432)
(24052, 344858.86690532207)
(24711, 342948.61560912378)
(3553, 342412.74604783242)
(33037, 341445.93971656391)
(26810, 339859.93017256144)
(26398, 339855.50899005425)
(22145, 337880.40126326337)
(3934, 335020.81646203349)
(45433, 333350.33955370728)
(14410, 328694.39496609662)
(27726, 326584.59759626485)
(6011, 325936.37454581435)

(9367, 2680015.1649835883)
(6802, 2613417.1809435827)
(23427, 1554840.9738206044)
(7204, 1533221.2128927887)
(5529, 1303101.276632152)
(24904, 1114777.0799225466)
(8251, 999978.56002933299)
(8565, 824150.73718287935)
(36544, 821634.46205573215)
(9387, 736234.09730499017)
(5491, 691124.31845370086)
(5523, 666096.426630929)
(9687, 620528.01640257717)
(24281, 580939.38521390001)
(24491, 561854.31365158549)
(23548, 539385.50411668653)
(38675, 510428.24104138813)
(5785, 474780.2660274909)
(23205, 474503.36281569349)
(18787, 458466.37685404613)
(22547, 447387.97929274006)
(3862, 422961.4553819258)
(27432, 393139.23118566751)
(39400, 390135.16964202508)
(38361, 379747.50944767438)
(37750, 379649.95982458867)
(3295, 379221.05341494759)
(17603, 378552.85515496176)
(36869, 363823.46656387066)
(27512, 363366.05600843951)
(32716, 361007.70624883327)
(45678, 360143.11577157187)
(39930, 355557.16237814236)
(39504, 355554.1383411329)
(20404, 348085.99045800569)
(24316, 347346.28481536574)
(18326, 346020.72547100298)
(23915, 345666.61807797052)
(38720, 342988.17155495554)
(27652, 341111.2883023023)
(3579, 340208.35320181324)
(37907, 336442.40244879684)
(24958, 334697.85523533297)
(22151, 332290.81534901494)
(22236, 331034.86681846576)
(3587, 330329.53905284253)
(8399, 326735.75854782714)
(9638, 326154.16585494683)
(22801, 324825.19125825039)
(43453, 324263.1841177048)
(24711, 316451.26073569973)
(22536, 315775.61814954749)
(27653, 313079.72921874491)
(18627, 312342.52402721741)
(24167, 312021.6044526383)
(46684, 311583.58426647761)
(27381, 311429.96849438961)
(23268, 310114.37031492422)
(27704, 302804.20170563244)
(18908, 302339.46188092756)
(23913, 295481.49565559207)
(20735, 294042.57535929815)
(16845, 292538.63167475013)
(6359, 292019.20157813665)
(22428, 282042.66507461871)
(9334, 280442.98955225933)
(43344, 280332.41408331424)
(24426, 279711.67361655686)
(24052, 279616.30084133585)
(36501, 277860.63258437393)
(17687, 274119.51643875125)
(28145, 272905.84412269166)
(22368, 268685.11746674066)
(20469, 267573.83474586636)
(18527, 267490.39710497734)
(38608, 267435.08312810207)
(14833, 266584.500072525)
(19692, 265322.98347085196)
(21308, 265320.55829383217)
(16721, 264437.69636121416)
(28124, 261570.16901061288)
(40419, 261328.00276673792)
(22671, 261256.87605779024)
(15315, 261039.44422192103)
(23788, 260062.69525196313)
(20543, 258304.59473903416)
(11747, 257995.25934935611)
(46637, 257045.72291147991)
(24812, 255892.29811527155)
(18442, 255891.00388613209)
(46111, 255758.67254808173)
(25121, 255470.45262497198)
(22514, 255140.63188617182)
(5300, 254707.86941140721)
(45383, 254157.93204311855)
(5400, 252508.22664714287)
(37743, 251095.21956652281)
(5204, 249821.00462089319)
(8299, 248744.44677064492)
(24387, 245468.33320079162)

(6802, 6789631.0118149621)
(9367, 3802198.3477949556)
(36544, 2483943.7529796422)
(7204, 2275265.7646827111)
(23427, 2123665.8106914619)
(5529, 1950890.4124666557)
(36838, 1606956.9963911462)
(8251, 1226566.4219888509)
(9387, 1180432.0513513349)
(38473, 1110733.8477572675)
(5446, 1049160.6575610114)
(8565, 1045180.3777063544)
(43602, 1036067.1822677038)
(5523, 980555.87157143571)
(22547, 909475.95001353894)
(5491, 898513.46532230824)
(39119, 893029.00397391699)
(9687, 881725.79055247735)
(24904, 858754.71728494123)
(23548, 846697.57208929176)
(43917, 846621.35463249322)
(13082, 822576.97932597739)
(43805, 819383.5135531124)
(18544, 807289.8708653223)
(46601, 798261.59615589364)
(2841, 768683.9104300997)
(23205, 735437.6441063903)
(11376, 725199.08650819433)
(18794, 724615.53112424258)
(11426, 691967.22507348517)
(22979, 663713.87461791257)
(24711, 660718.32483894029)
(38806, 649278.20099669881)
(2044, 642867.24850315496)
(43795, 641763.65089519485)
(2994, 640608.79292578739)
(35183, 638591.70504206629)
(5808, 600414.29385503894)
(36817, 596285.22245217813)
(24491, 585912.88186160242)
(15097, 582284.95033948531)
(5785, 578985.77680410526)
(33855, 544937.8218597126)
(20682, 543129.2392131032)
(23913, 533330.65722183604)
(43283, 531253.12108998362)
(18328, 528085.13605527394)
(43640, 511721.11318260053)
(39899, 506582.95309542416)
(20404, 503011.41717884428)
(34722, 499835.20875247492)
(23915, 496035.07467229181)
(18908, 487760.09566600499)
(11032, 484328.28714659886)
(6480, 478985.76719807734)
(36428, 475421.89442838554)
(15802, 466966.91921184212)
(26982, 457601.21050936513)
(17357, 452212.76776379155)
(39930, 450614.61072729912)
(22536, 450097.49377664807)
(9638, 449588.91363185935)
(39400, 444984.41561646125)
(32716, 443694.65774313128)
(5271, 441353.15057891916)
(20853, 440496.8710486542)
(19302, 439689.69465421943)
(24426, 433923.57667850395)
(24052, 433775.62255414954)
(15315, 431476.19450504112)
(36885, 430932.35809202655)
(12167, 430089.74310080573)
(18016, 429698.59359679301)
(22368, 429494.31612748245)
(22151, 425966.13092816714)
(17603, 420506.93577094702)
(22671, 416852.04563870991)
(39504, 413186.1948797935)
(3579, 411721.06421778095)
(24465, 410677.71065505187)
(38149, 409812.59702908475)
(38299, 403204.78099605907)
(39569, 402053.69560259167)
(18527, 400238.024192677)
(18787, 397946.10036825843)
(22801, 397582.1635425461)
(18326, 395457.18187980825)
(5780, 394464.37440440798)
(1435, 394188.58438213792)
(15220, 394157.22359497828)
(12253, 392358.1487617172)
(22458, 390883.41181626532)
(9334, 389211.8633729961)
(17785, 388250.91249568725)
(24933, 387774.55080671492)
(21658, 382239.65699380083)
(24001, 379239.38482448377)
(22514, 377940.59400669491)
(6976, 376668.24173378089)
(11252, 374484.37652976165)

(9367, 5900394.4195660241)
(6802, 3899331.2857212634)
(23427, 2245395.4370684307)
(7204, 2007908.7577394426)
(5529, 2007583.4812290785)
(24904, 1428153.9082195435)
(5523, 1314722.2461864101)
(21824, 1288029.1537537412)
(8565, 1285085.666351842)
(9387, 1265159.1856586295)
(21669, 1058195.9999244378)
(36544, 952153.04915049754)
(8251, 950193.21520130325)
(5785, 894791.48103211576)
(24491, 879090.10519825667)
(9687, 847736.17498114496)
(27910, 816180.99129878939)
(23548, 768518.04287316801)
(26163, 752340.37823681429)
(36820, 745022.61773796252)
(21978, 742490.59359484841)
(22151, 736199.9753313309)
(32685, 730583.21176711551)
(22236, 668211.39525673853)
(9638, 659627.34696718014)
(24167, 632845.29076506454)
(23915, 628797.58885293442)
(43432, 624234.15967913321)
(24711, 602944.86110444041)
(38720, 600475.76696898974)
(24958, 596540.37127027253)
(46684, 579356.40520497819)
(28003, 574642.31791668455)
(23205, 562218.36610899423)
(18787, 556182.55961423391)
(17603, 549275.96782483626)
(22547, 541502.1846866057)
(19302, 538624.70186186128)
(3295, 537695.79155610816)
(39400, 537057.68360339978)
(22536, 535837.73975697637)
(23913, 531265.95368691441)
(22801, 529196.41191914352)
(38728, 511223.9583554219)
(5491, 507611.73418031499)
(18452, 507288.23458772578)
(22514, 506759.36733107094)
(16845, 506195.87387503422)
(9334, 497950.42310272134)
(26529, 497867.66899973439)
(33309, 485596.57709967013)
(6359, 476347.36613996577)
(5300, 469119.66161135276)
(39208, 464530.3187287483)
(33781, 464432.32783392369)
(21271, 463706.56348904251)
(18527, 461735.81656381587)
(3579, 451473.66807850241)
(3587, 450198.07402701187)
(18908, 448339.84427848953)
(39930, 447940.92798027681)
(22671, 446429.62497425661)
(18326, 444909.39733801683)
(19004, 437366.92720645876)
(15315, 432543.5882309202)
(20469, 430513.26760447834)
(38361, 428449.52473378438)
(17687, 425588.79087479407)
(21158, 423316.37629167747)
(18627, 422487.04540325375)
(20682, 417837.603759747)
(20404, 417663.04868378385)
(24443, 412712.98533817992)
(20926, 404438.40888427774)
(24300, 404414.10976478725)
(27437, 400846.42947283015)
(33863, 398320.61864492152)
(23939, 391459.92169483716)
(38225, 391185.22905419604)
(38581, 387461.21504734852)
(8399, 382743.43535923521)
(39227, 382392.87094980507)
(3862, 380017.41441007121)
(14290, 379283.87953490741)
(43652, 378406.58168774168)
(5400, 378307.21098923753)
(26094, 377578.50300286413)
(39504, 377045.13441841479)
(27760, 377012.71938211162)
(27068, 376235.50012199918)
(24457, 374873.47622132121)
(5366, 373300.37908965582)
(5223, 372835.71722758666)
(38608, 371374.33854645694)
(14833, 367289.40757035045)
(16421, 359801.15105634276)
(43344, 356412.14067167992)
(24417, 356360.39324385114)
(43735, 356193.3400624753)
(24387, 347233.68904180656)

(6802, 2505727.3922877871)
(9367, 2097657.8273305641)
(5529, 1652387.1986778912)
(15109, 1258758.8456021145)
(7204, 1186984.387820947)
(8565, 1016376.4702653908)
(23427, 936624.73753470776)
(24491, 815062.99426878639)
(33011, 779267.17006181728)
(34572, 760058.33381837606)
(5523, 750631.41821311135)
(9687, 738251.73962221469)
(26982, 724374.66245052335)
(9387, 703816.44402713166)
(8251, 669493.61800244672)
(19302, 648983.58865424059)
(24427, 609402.23638168746)
(30159, 599112.46378921554)
(32927, 596763.31299167115)
(22547, 595158.02120539197)
(20469, 588685.9209706299)
(28275, 568748.39547737653)
(36544, 546231.34533724841)
(15315, 539110.4806609425)
(46398, 535151.3064926333)
(20108, 482807.36523776397)
(36506, 468005.58720023825)
(23548, 467504.48561778024)
(38720, 466663.87740016432)
(18908, 462803.99129210348)
(24904, 455672.61131043249)
(34849, 441570.28322705865)
(18358, 440146.96026036958)
(20857, 426164.46436096338)
(18326, 425787.61037044198)
(18527, 420007.0208152167)
(22081, 414499.15561237762)
(37750, 413034.95164809894)
(36501, 408826.25614652334)
(22151, 404149.05596776388)
(17603, 386627.29012973083)
(3295, 385723.69151375338)
(39400, 384795.18311748252)
(23205, 383818.65133192303)
(24167, 381245.05802613159)
(32716, 375017.76665883232)
(38854, 373423.21994535392)
(18904, 373195.84967019036)
(24673, 372384.40874182439)
(22536, 370178.02190254797)
(22236, 369249.99608084373)
(19840, 369088.81895241293)
(33037, 367459.99088323361)
(28068, 365987.28061684285)
(18627, 363864.97171184147)
(24300, 362653.30517309508)
(23913, 361282.7830382071)
(5469, 361187.23005365982)
(5785, 360930.31902337103)
(22458, 354681.74413691089)
(21204, 344456.72520076134)
(12162, 342403.29772466799)
(36832, 341661.1640461827)
(18434, 338791.53787858854)
(22801, 338753.48664681794)
(34420, 337631.304523447)
(3862, 336019.35992438853)
(39930, 333899.27747092181)
(3732, 333222.08250150626)
(21719, 331319.73354679858)
(9334, 330529.09407255845)
(24443, 330040.0166664641)
(12711, 328977.31447230128)
(5491, 327773.27462941047)
(27095, 324908.21567783522)
(23915, 324490.99885565706)
(9638, 324111.6042703233)
(20735, 323934.7283249005)
(22671, 312372.76768448)
(20797, 310468.59356413828)
(21239, 310238.49489338876)
(3579, 307131.94707901619)
(24387, 306018.46708540886)
(24457, 304325.10466944089)
(27437, 303391.25431484426)
(18787, 302371.19367481687)
(19520, 299681.58161254082)
(18572, 298503.57722636103)
(43342, 298460.21587184165)
(20312, 296153.59595012182)
(20489, 296138.97743177431)
(26653, 295069.97654746956)
(19915, 294480.47707890638)
(3619, 293938.33673116175)
(39208, 289424.12941135484)
(27726, 288392.20259115426)
(24711, 288157.02359686396)
(26810, 287272.3751222206)
(17357, 286179.31615385291)
(37015, 280639.92215216206)

(9367, 3074958.6986571322)
(6802, 2564769.4466219102)
(23427, 1703786.2301512402)
(5529, 1363245.8190802627)
(36544, 1328382.3337661773)
(17749, 1270471.4196139036)
(8521, 1222569.0748948834)
(8847, 1222569.0748948834)
(17891, 1105258.9104429777)
(7851, 1058441.4001451421)
(8251, 985033.99830241513)
(18001, 968294.7675625541)
(22134, 959966.45765417151)
(24904, 945271.86308642407)
(23723, 943009.99598047754)
(7204, 893909.87345608906)
(22105, 775223.29039372841)
(18761, 772502.46780648094)
(6889, 764593.8390013841)
(22679, 760589.83448950178)
(25902, 759237.7409382998)
(18101, 731551.33942395542)
(17745, 713256.39682398178)
(23205, 696312.48167402437)
(28184, 671329.66645204544)
(20799, 642900.98926890944)
(23548, 638759.30227788782)
(26921, 582804.85934773169)
(24388, 570131.40045569954)
(7612, 566039.27156195906)
(18551, 542709.47944840754)
(27437, 542358.66767732869)
(5491, 526719.60514804733)
(43471, 524112.12299670046)
(9687, 522741.8087845699)
(9387, 520140.55494312476)
(25998, 517525.09028000874)
(18736, 508031.05217039568)
(8565, 502758.63871723547)
(39400, 470052.29750667076)
(3295, 463840.34395368537)
(5523, 460794.22500801994)
(24491, 425739.50930211454)
(43640, 410779.09258198441)
(5453, 402184.98741903203)
(23915, 386586.47617136419)
(22901, 378467.95421369385)
(17603, 377692.30362041021)
(10437, 376515.59603434184)
(18787, 369902.45271516859)
(27599, 368789.03197572386)
(18908, 367107.06456251076)
(22871, 360439.96608171664)
(23013, 360425.55051550583)
(22514, 353821.00903004821)
(18434, 348433.42353570549)
(5785, 340035.37724757689)
(46058, 336440.86252196634)
(21858, 333393.28853146214)
(25112, 332812.19483448745)
(10571, 332276.8803160137)
(3587, 322962.80946782237)
(22051, 318556.84133991704)
(14354, 316645.76574364689)
(38124, 314942.26596805273)
(18627, 313322.36240990891)
(38608, 312381.39046778856)
(22942, 307710.29298289079)
(35783, 302236.78889969498)
(27218, 302189.30646410305)
(24933, 301619.55041847238)
(6359, 298239.70522410754)
(26179, 297822.15250598872)
(21137, 295644.42093438242)
(19302, 294224.31059173489)
(27922, 293893.93024526822)
(22536, 290726.00486485951)
(15315, 289237.03126463306)
(21264, 288911.98718798708)
(3579, 285947.32936472236)
(18905, 284785.6852984557)
(28043, 284448.71479045413)
(8399, 280268.23084284912)
(22801, 280249.68632648507)
(18527, 280153.71456180577)
(39930, 278408.77497758978)
(7064, 273885.77464873623)
(20404, 272136.77215355873)
(21063, 271460.52791320952)
(3862, 271002.03549324587)
(3553, 269633.20286244911)
(18445, 268937.94791272609)
(26213, 267714.44758995442)
(26438, 267371.09366590239)
(20017, 266686.08868443221)
(38361, 265755.64923236822)
(33083, 265643.94689769699)
(16721, 265556.35086971719)
(25916, 265187.85922259162)
(5289, 262290.07512913021)

(6802, 6546791.6707021333)
(9367, 4877055.7533113267)
(23427, 2330099.6017410993)
(5529, 1686516.0133222723)
(24904, 1677209.2676502108)
(18627, 1367698.1660606063)
(9687, 1263670.1753620778)
(13082, 1245674.8581764712)
(24538, 1237908.3880590247)
(23915, 1168995.3595348231)
(7204, 1119276.4708467626)
(18202, 1098704.0075875139)
(8251, 1064577.3777830831)
(6359, 1045628.0025423729)
(19533, 1040094.9862226493)
(8565, 955462.24814320006)
(22368, 922254.1797822325)
(23543, 899816.87181975064)
(5973, 869233.49857440242)
(44897, 854439.45558053732)
(22801, 846185.13509360759)
(28534, 842996.17094232829)
(5271, 823127.50589778624)
(9387, 806583.29438476602)
(5523, 796082.27339740098)
(36544, 756613.48549799831)
(5491, 743039.63465051213)
(24457, 726356.51081128488)
(23205, 714536.99989187939)
(24316, 701688.17914497945)
(5461, 675451.81057046307)
(3295, 673052.68417568842)
(46294, 669312.40512546804)
(18908, 663835.49587951298)
(46695, 659709.48858089442)
(9402, 653468.80156442965)
(24632, 603914.85441102961)
(23154, 600039.53759845765)
(18206, 581038.16813857236)
(20212, 574028.97875936935)
(18358, 564613.78126921353)
(33979, 562548.49786727771)
(23548, 557623.94180425943)
(24469, 553555.74774665828)
(9638, 550266.94019270304)
(21500, 548222.75918947114)
(27512, 545933.48918143753)
(18326, 542497.12894312304)
(19298, 540296.16322647582)
(16284, 539064.55843070557)
(43941, 537072.42149152723)
(38720, 536780.15311545494)
(34891, 532090.44192023762)
(17603, 513885.4693816306)
(25010, 511799.72856693587)
(6737, 510939.42863046745)
(19299, 509606.64230150252)
(24417, 509363.57291411381)
(33917, 503567.53740346956)
(32621, 499221.20083451184)
(38608, 498049.95220429118)
(18527, 496714.97016185272)
(21599, 492649.12896364025)
(5149, 489240.91259857378)
(33646, 487701.70799731667)
(22436, 486199.70490816911)
(21589, 485686.93945258041)
(32977, 483191.80699525541)
(19039, 481502.64356016851)
(24491, 481338.90042678919)
(5785, 479416.94395240425)
(22536, 476997.55906471313)
(18434, 473584.02257582732)
(43471, 470250.34696620592)
(9644, 469772.99473428406)
(36855, 465297.4166056363)
(22737, 462497.63750833267)
(9910, 462399.43042460294)
(23046, 460965.84208968584)
(28277, 458460.37247662188)
(39930, 456701.99997211032)
(4483, 454855.1626107177)
(46128, 453505.18125002302)
(21761, 453477.33401227597)
(43951, 452621.25161535665)
(12212, 452611.11211577349)
(22514, 452172.00207537052)
(22083, 448896.88705575891)
(22151, 447835.4563360808)
(18423, 447721.35783728317)
(19189, 447385.63458852505)
(22003, 445744.86855390132)
(5207, 445683.51608140738)
(33224, 444880.52968981134)
(33196, 443820.13401523361)
(19322, 443151.22994553903)
(6994, 442817.30451807642)
(23016, 434473.22658659436)
(22713, 433655.61066756846)
(6485, 433556.37129897176)

(6802, 3192672.5414757594)
(9367, 2958524.6820999025)
(17687, 2325557.7389820539)
(5529, 1861348.1329024297)
(23427, 1760984.7515786875)
(24167, 1729840.6865828941)
(16329, 1653562.082904967)
(16555, 1640326.0689737278)
(7204, 1296375.947596994)
(7372, 1199070.8890986776)
(9687, 1199021.9947245102)
(8565, 1121290.2051903054)
(45253, 1104326.8708494464)
(16615, 1096917.897516964)
(9387, 1094345.7794447541)
(17565, 1069830.111560656)
(23788, 1064153.3635414981)
(5523, 1045035.6448097349)
(7154, 973413.31794448697)
(27771, 958563.63455071801)
(22608, 946009.86379452725)
(24904, 905418.76037601125)
(8251, 873372.08845648693)
(22236, 829954.26310738386)
(19004, 750643.46343674359)
(10658, 713689.58818316052)
(16886, 702291.72898773651)
(16231, 684173.92356573942)
(16963, 664527.89109623735)
(23548, 662231.07998477458)
(19935, 657335.26502135722)
(17458, 656774.70801655483)
(16958, 649236.51716680569)
(17603, 645411.04471557972)
(36544, 643149.17247868225)
(16861, 642161.77872403187)
(5785, 621205.91798724839)
(16473, 606404.64643298299)
(24491, 604553.79111812264)
(23205, 596003.31217516621)
(16804, 578063.0490413385)
(19971, 561164.96373116749)
(22151, 556357.95762210828)
(17445, 547023.89447142358)
(20735, 545661.42616474791)
(17237, 538554.09032454656)
(22801, 533906.80864820827)
(16617, 526125.13714738842)
(23915, 506331.01861116331)
(9638, 495017.01912017248)
(17591, 494429.10488515982)
(18908, 479025.88209027855)
(3862, 473565.41250975127)
(16996, 470921.11251610523)
(16603, 470830.88325408578)
(17234, 467169.52547142253)
(17389, 457814.1878165516)
(5491, 454835.82651496551)
(16747, 451900.52170335059)
(17081, 448275.36406432604)
(22547, 432737.2514601266)
(16669, 427580.28878236603)
(17160, 427488.39754270838)
(19302, 424245.81577366468)
(20469, 420702.22392314009)
(17196, 420142.56864856347)
(18527, 419960.70915261429)
(17373, 418518.20509208547)
(22536, 414163.60452447133)
(9334, 411735.43816785445)
(17307, 409592.74482091021)
(17616, 407347.53668423934)
(3295, 404980.78891762614)
(18326, 404764.95469063678)
(24693, 404051.89716233715)
(17401, 397876.02656018076)
(22837, 393152.54715770256)
(8901, 389038.95199757762)
(7417, 387721.025000364)
(15315, 387499.69344260631)
(24300, 383406.09547233325)
(21847, 382641.22458055092)
(16981, 382592.81864275417)
(16383, 381918.36636192485)
(22671, 380679.8360939314)
(24933, 377622.79656962131)
(17423, 377030.67345474148)
(12879, 371659.626949511)
(28068, 368333.03743832087)
(5891, 367249.32283120888)
(18627, 366131.33050544921)
(9421, 364449.07644719334)
(16674, 363684.28923275316)
(27437, 356622.37067602674)
(17352, 353686.50007063895)
(39400, 352646.66014403827)
(23314, 350652.49025758065)
(8384, 350409.93071085063)
(24457, 348465.39773139707)
(16721, 347416.83154469862)

(9367, 8804104.31806181)
(5529, 2792579.5279133124)
(6802, 2772576.5489608576)
(23427, 2182200.9011303112)
(9387, 1680930.5837187334)
(5523, 1634253.5760578027)
(23939, 1630605.3377037456)
(24904, 1511087.5900785085)
(7204, 1491967.4360467019)
(9687, 1416947.6298164357)
(9334, 1332696.6922788776)
(18452, 1287594.5965646938)
(20469, 1081069.9787114125)
(22536, 1058188.4405541206)
(24491, 1055529.9482545925)
(5785, 1053952.0588791086)
(24711, 1000626.9579684177)
(22151, 957380.85921319132)
(5223, 872340.46885022253)
(19302, 869722.71403163497)
(4358, 854553.69592207496)
(36544, 832942.54039832333)
(8565, 832365.98228994862)
(9638, 828951.2618446186)
(24443, 826939.37551491545)
(8251, 802501.21725604509)
(23913, 792484.73129933223)
(22236, 784021.72747559077)
(17603, 775416.87816699489)
(33037, 770299.49235111498)
(18527, 756560.89779488626)
(22547, 715903.11107600899)
(5480, 708952.83203272079)
(19915, 707638.42944916419)
(9371, 698035.23050008714)
(23548, 627801.90843505727)
(7201, 623243.53279908537)
(24933, 601874.35253955668)
(24167, 594672.85736531741)
(19004, 583972.4744721523)
(5234, 561023.32653280196)
(39931, 554398.40662620415)
(5417, 550979.19550897845)
(18627, 546780.1259782922)
(17357, 541691.34900252521)
(24005, 539743.82491970737)
(23621, 530933.48275158869)
(23915, 528317.64722946379)
(20404, 522173.16736861912)
(23205, 514978.31066517835)
(5368, 503817.35740062053)
(5143, 503623.9372063796)
(20682, 503141.13392969081)
(3295, 500975.06810256199)
(15315, 500260.59029479272)
(38608, 493427.91030288511)
(21414, 491484.66157180961)
(7145, 491209.12053447234)
(22801, 483942.91969361168)
(22426, 480698.63851911959)
(39930, 480574.34882115322)
(8539, 473717.36429472215)
(26653, 473434.15672293818)
(5280, 461675.71266892023)
(5348, 461461.86306394712)
(5353, 454688.28577154269)
(18326, 450709.67842700711)
(23788, 444566.47577302466)
(23319, 439797.87669655716)
(24300, 439103.51882666495)
(19248, 435120.37738135253)
(5288, 434595.50991817814)
(6359, 434529.77208296937)
(24740, 433178.91587521957)
(16421, 431449.92793684488)
(24457, 427686.23670257116)
(26982, 427417.51159136568)
(5455, 427326.98760620854)
(4233, 425447.51183820324)
(5491, 425291.75072232459)
(16721, 420772.01285150129)
(5179, 419000.39662958938)
(21252, 414618.84170035558)
(39400, 410271.02397795982)
(22837, 406218.35046682338)
(24387, 406114.79018339928)
(43655, 402140.67961701594)
(8399, 401814.5103504096)
(23545, 401581.05202471773)
(22913, 401461.65006893646)
(5241, 400172.0123536266)
(5327, 400160.24493518041)
(20631, 400113.474625487)
(5206, 397936.61472277221)
(36882, 396183.46126531705)
(19896, 394043.3444876821)
(20204, 392107.39581192966)
(8420, 389937.96021269704)
(36995, 389641.42305460386)
(6011, 388795.93771190534)

(6802, 3858163.4370526383)
(36544, 2427618.354579777)
(9367, 2333438.0654117218)
(8565, 1796445.6456547396)
(7204, 1757049.8387810302)
(8251, 1663065.352240097)
(36885, 1599446.3829140882)
(38124, 1568667.8236482833)
(14748, 1567944.7739407565)
(36816, 1560942.0733796561)
(36876, 1472559.8852287577)
(5529, 1452278.9131572361)
(36817, 1385117.3427177614)
(24572, 1326297.4530379956)
(14940, 1266805.5995102101)
(43471, 1262953.8050335546)
(39707, 1236679.3388383058)
(2429, 1176055.5741615768)
(23427, 1150217.6572189878)
(9387, 1133874.0991914156)
(39400, 1121915.4086636307)
(5523, 1059885.1072348279)
(23548, 1033213.4833128148)
(23205, 1003824.0645198395)
(14425, 997296.66023301496)
(43436, 970370.38726912159)
(5458, 968235.45373421477)
(38736, 964977.7247608843)
(38730, 958161.09802927775)
(39797, 946654.04373938579)
(38000, 942023.85363927612)
(39286, 936934.12335054541)
(38541, 935399.23134600034)
(24387, 928529.39608036354)
(15105, 923445.46208399604)
(6175, 917022.13772333483)
(39930, 899864.80957206304)
(5491, 891987.58262941905)
(38477, 872715.17247260141)
(15856, 868017.72726607381)
(39162, 843712.56750777096)
(39504, 843281.43719327729)
(15110, 837535.69630754029)
(35590, 826439.98916242318)
(15137, 823392.84607586951)
(23631, 822863.58086136822)
(38598, 822346.57446652174)
(7370, 822035.11067226506)
(14986, 818353.30460077361)
(22428, 813744.32601345424)
(1518, 808887.78457718645)
(43969, 803916.4353035317)
(21513, 778825.66249123192)
(15640, 769313.65480315348)
(34849, 759104.86766957794)
(38316, 753230.77478804719)
(22901, 745558.08233321505)
(21977, 737967.73807962285)
(24491, 735525.21570397168)
(22354, 719590.84240021801)
(25009, 708530.9864674171)
(39209, 707446.40274278948)
(37015, 704917.38698406075)
(36969, 704901.34907519491)
(15764, 703942.19154462009)
(39408, 697958.52036133304)
(38720, 692575.09383121016)
(43391, 687082.12685455231)
(38474, 685290.93229609565)
(22925, 667316.988336807)
(24668, 659153.95585991815)
(14920, 659110.84671971772)
(15220, 652766.91996211198)
(43636, 649741.64294678939)
(38863, 649473.52537829697)
(38447, 646510.20584943611)
(5785, 640375.66825997282)
(43629, 613525.64256787568)
(9687, 608854.07881359116)
(2225, 606951.6491206158)
(40419, 606375.14083214186)
(6130, 605997.32232519763)
(36995, 605956.70744318049)
(15777, 599325.19109139091)
(14859, 597487.39308821945)
(35553, 596229.61162780982)
(24904, 595435.28200289432)
(38596, 594539.3943523569)
(38856, 592579.35871353582)
(38390, 590470.48420732666)
(22547, 585713.96802138584)
(15315, 584884.48972506577)
(36442, 584115.80062103854)
(10511, 580674.2425987632)
(35371, 576707.31183283764)
(14795, 571799.2535519246)
(39371, 571461.30696318392)
(44634, 568241.98458791466)
(43453, 565951.01232208509)
(1874, 564666.73784341896)

(9367, 5773904.7492881361)
(6802, 4347051.8376601189)
(1743, 2130639.609834298)
(5529, 2067195.4963119135)
(36858, 1847775.0759121622)
(23427, 1798876.6191316796)
(7204, 1666522.1176898992)
(36544, 1583946.7907530195)
(39930, 1577989.0902626009)
(8565, 1566042.2945608241)
(39400, 1398425.1449059579)
(9387, 1354434.9697100134)
(8251, 1261749.995229343)
(41298, 1186376.6388895002)
(20312, 1173455.825980189)
(20489, 1173397.9027074124)
(2136, 1150448.1792012441)
(15711, 1112074.6345696743)
(36969, 1091681.6319334414)
(41128, 1054940.522716603)
(40419, 1053835.665916376)
(5523, 1045240.2941334888)
(1199, 987894.5665787491)
(2783, 987894.5665787491)
(24904, 895965.53807835362)
(5491, 876704.61009615182)
(41851, 866581.18554397579)
(9687, 845992.07966754993)
(23548, 838178.21828394243)
(43046, 800753.99188290071)
(42561, 789149.53207861283)
(36844, 786282.40078387968)
(5309, 785993.65725173429)
(39504, 766949.32415878191)
(15220, 742678.9234440414)
(42461, 739485.47595712286)
(38413, 727487.58678473264)
(23205, 719897.99070185563)
(14146, 718618.42868512555)
(39656, 716162.90245785611)
(22032, 705847.47253471159)
(35591, 687634.57961692323)
(3579, 666635.61083352147)
(15110, 658399.58341297251)
(41945, 641155.26144034218)
(5785, 640339.40604854806)
(37670, 639575.79345161421)
(38966, 630681.57424086274)
(44473, 626754.06988215703)
(9519, 626363.15362374496)
(19620, 619975.72365194955)
(38269, 619002.64075315814)
(36428, 613742.43857174751)
(43177, 610888.5141768906)
(15801, 609164.39337984286)
(43910, 609109.69743504282)
(36860, 591586.23724999232)
(36853, 590921.29271282721)
(40532, 587974.56940420787)
(3295, 569077.77851012838)
(43048, 562491.2842656452)
(42871, 561785.73743446346)
(40433, 560098.75785050984)
(43698, 554733.15438915289)
(41865, 554605.0974435634)
(44710, 553522.62737597607)
(15315, 550071.70758292812)
(22151, 548414.21304731141)
(27955, 548359.56141328986)
(41903, 536387.82742277288)
(42178, 533295.82197996136)
(44897, 532340.32260909292)
(22514, 527653.27225563442)
(36151, 527515.79922923911)
(36815, 527351.20030382322)
(22541, 525777.04528176587)
(18527, 523301.54652706173)
(24387, 518557.66313371714)
(42684, 517268.15347675065)
(14299, 516898.80964818498)
(39046, 516759.66580944718)
(15131, 516151.84359353583)
(44480, 515518.72672813729)
(40220, 515439.53732347686)
(35783, 514049.71079662902)
(43202, 513274.56626003498)
(45025, 511792.39822259685)
(21977, 511204.59298496775)
(18908, 510827.01465113787)
(14610, 508306.69999405055)
(44667, 504635.7012933318)
(17603, 501022.63961668569)
(46145, 500856.72286185122)
(15046, 496480.29521725787)
(36895, 496471.31048986391)
(40284, 494195.96449070022)
(22368, 488658.43532415578)
(43115, 483145.37103289296)
(9638, 483052.86174633098)
(22428, 482430.86113308487)

(9367, 5347659.6949309614)
(6802, 4210019.9600053849)
(36544, 3055039.1955119199)
(5529, 2253922.8270086409)
(7204, 2135155.585883846)
(8565, 2117628.8838726431)
(39400, 1541303.0423422249)
(23427, 1523571.6002960936)
(8251, 1370215.5471286746)
(14425, 1363405.0146596418)
(43344, 1206254.081739919)
(5523, 1201898.280871863)
(9387, 1110832.0944906725)
(38863, 1086073.2796441664)
(23548, 962469.34750933188)
(5491, 962082.29326803773)
(36846, 956225.76162594534)
(15315, 923236.89056276216)
(39930, 882134.11967553908)
(1925, 865130.66725001554)
(1190, 864365.7182939807)
(43471, 841680.6497280976)
(3051, 840181.32027063204)
(22127, 839111.32299017336)
(38854, 832718.38180060708)
(15220, 831338.663283139)
(39560, 822827.83969635738)
(43629, 822015.19303869503)
(23205, 818393.64285478718)
(7344, 815694.19163026498)
(9687, 803579.06033453566)
(38124, 798629.05464622367)
(24904, 776846.75013417774)
(44634, 773320.18388874014)
(22428, 760631.48160693957)
(39286, 760348.63937158498)
(5264, 758088.411162704)
(14410, 756626.0939383721)
(39749, 756157.16033184261)
(36809, 751868.69068416033)
(21977, 749842.36910595244)
(5785, 726390.21342316538)
(39711, 714696.86687415151)
(38361, 713949.98902612971)
(24387, 708548.19744109234)
(34891, 698852.57362516213)
(36885, 697340.92358117783)
(35886, 689132.50659195823)
(40419, 685963.71943991829)
(36816, 684070.30914099782)
(22901, 674271.43552030588)
(15913, 671515.68400465033)
(1662, 658753.13429894554)
(42914, 657380.44671873492)
(46808, 657210.79646774475)
(14285, 656546.0989139044)
(36825, 652565.31466543581)
(14796, 651972.25300028257)
(36791, 647524.96899759502)
(39504, 642627.80443585967)
(36100, 633819.64390046056)
(14667, 631494.60145772481)
(9638, 616716.82786150998)
(17423, 605110.64504740841)
(45564, 602113.05895108054)
(2463, 598810.1410442089)
(24491, 595981.84156490071)
(35635, 593850.81484411855)
(36817, 591818.74126003368)
(38596, 590756.44506556622)
(37015, 587717.42238162272)
(38850, 587142.09682690655)
(41240, 579987.02732681471)
(36995, 579198.04421160405)
(22113, 576962.05593729171)
(15479, 575920.57302674884)
(24381, 570528.46252861759)
(2932, 567349.56098609872)
(35783, 562192.79739113001)
(9141, 560470.31424511701)
(21879, 556152.85282258445)
(14700, 553349.78284537129)
(21915, 552695.12904580485)
(18787, 548283.53465363604)
(3579, 546074.21090447588)
(5200, 544632.221841475)
(8399, 544564.80504494521)
(35502, 543043.59083171131)
(34370, 538209.52311976219)
(22151, 533755.08423511242)
(44865, 532234.5857495633)
(36925, 532075.28046214685)
(38000, 530458.44356023194)
(45867, 527469.49671323644)
(5317, 525797.72275190358)
(38736, 525702.66929224401)
(35169, 524283.59368794656)
(15115, 520991.32762975828)
(43435, 519678.46150615602)
(17603, 519286.71006280457)

(9367, 4253053.8474533772)
(6802, 2477110.68672131)
(5529, 1167733.6564495058)
(23427, 974554.06237066118)
(8565, 828710.86439261842)
(5523, 791046.08074065077)
(7204, 786276.52468648553)
(3579, 735827.94694230077)
(36544, 672684.49286608456)
(46350, 646800.16974614537)
(39930, 602095.38756459428)
(46911, 557700.76233822957)
(15315, 533846.07964906807)
(39400, 530925.46696232911)
(24491, 521888.57881308137)
(34849, 490639.95416768536)
(9687, 483072.70188760292)
(13560, 478840.57417791983)
(43429, 475251.63468548906)
(21802, 472865.25730835332)
(9387, 469811.28314780199)
(23548, 461625.19353780837)
(8251, 460999.20817448304)
(24904, 457724.63759701943)
(13402, 449748.93575505796)
(10731, 421217.7787097001)
(38361, 407881.34434781549)
(30159, 404551.98276468174)
(39504, 390780.80369564408)
(21581, 378788.60177523765)
(38720, 376875.53602759837)
(24711, 368541.96251509496)
(5785, 366298.95823596488)
(43680, 360292.40144019335)
(17603, 358017.60678936035)
(24387, 357252.24511191744)
(3295, 355970.80457699875)
(18527, 337772.70403274079)
(37750, 337414.07060303522)
(13717, 331086.30910550471)
(5264, 329898.50743342243)
(39208, 327726.07412519585)
(22458, 324986.57313699101)
(22428, 320639.31003981316)
(34420, 319218.10469907738)
(43453, 318479.10267945891)
(35591, 316566.37984914688)
(36969, 315993.73456216033)
(5478, 312492.79122612491)
(22151, 310988.14827286033)
(37670, 309573.75021550083)
(36995, 308057.23119248881)
(3862, 307264.6039697809)
(39711, 305411.11207234778)
(19302, 302714.05674304743)
(46294, 300863.60710314254)
(9638, 299176.49196820508)
(14146, 295519.54403216857)
(38675, 291440.58869676251)
(36895, 291402.19991941616)
(5491, 288685.00862040691)
(13082, 283457.00683425041)
(33685, 281774.56262640504)
(23915, 280111.2079897236)
(22032, 278468.68651527353)
(39773, 277526.80136684515)
(43344, 277220.5500130821)
(44574, 276813.74174436042)
(38000, 274600.72773423803)
(18627, 272983.17874870059)
(19840, 271405.40569933661)
(21331, 268357.93568001827)
(39408, 268263.74201249855)
(40419, 267679.1970358112)
(38413, 265667.1661795078)
(38887, 261802.95987417773)
(15220, 261014.59245435742)
(9334, 256123.03137676645)
(33382, 255748.48312313593)
(23205, 255534.46360144202)
(36925, 254408.84526970456)
(22536, 254404.07852673411)
(36501, 253210.94498626768)
(20290, 252162.15969470196)
(41128, 251848.37751929442)
(43918, 250668.43334657175)
(38261, 247237.05787664308)
(33989, 246212.59458110103)
(38124, 245935.60484796617)
(37917, 244736.6682130284)
(22547, 244571.90246557325)
(2469, 243783.34387626383)
(13296, 241973.38708863678)
(26810, 240094.675639733)
(39603, 239724.2187992456)
(33855, 239676.06520166513)
(19915, 239284.4137560497)
(33100, 234027.4733450744)
(13189, 232862.78494363953)
(15857, 232834.07915657229)

(9367, 3770063.2767196428)
(6802, 2897561.6723902272)
(23427, 1464287.9642675854)
(5529, 1333484.2210209272)
(21581, 1037361.4858121993)
(8251, 1035332.4989356728)
(43793, 1013403.5525489972)
(7204, 1007175.0178140183)
(5523, 955787.20738989441)
(9387, 918689.67340614914)
(21802, 915054.93758600939)
(24904, 876128.50874414796)
(13229, 874611.99315190234)
(8565, 854502.27042287099)
(36544, 793501.13204705168)
(39504, 781868.3806506918)
(9687, 648344.85192709579)
(24491, 630468.60334794153)
(21746, 560801.17802125041)
(23548, 552049.20324031776)
(16267, 535408.14156172646)
(38756, 523238.48751092667)
(33853, 521036.75235383934)
(13560, 520593.06817930209)
(15315, 518381.06874595815)
(33855, 512566.78503969871)
(5785, 506987.31652994337)
(10829, 494086.56691540673)
(21886, 491548.25214365532)
(3295, 478545.55079028266)
(22151, 471788.86897219904)
(39930, 471444.47098350018)
(39400, 456709.90212149889)
(18527, 456072.98138501658)
(3170, 440080.34538919054)
(11310, 437098.46960782225)
(43457, 427372.54458555672)
(19915, 423805.69045931392)
(2959, 420000.7932584447)
(26565, 412299.50661287265)
(15220, 411221.27613602811)
(17603, 407903.00780954747)
(3579, 404021.714449847)
(9638, 401275.1241588128)
(23205, 397494.88221083343)
(22547, 393354.36855641578)
(22536, 388028.14565896598)
(24443, 387820.12270987505)
(18787, 385638.3938369815)
(24711, 380256.9939041888)
(33037, 374566.81822145829)
(13189, 374443.97778322408)
(24933, 373736.24619074975)
(7145, 369764.46831378253)
(16100, 368733.85980183445)
(9906, 366645.39872155921)
(9334, 365674.15072230529)
(22368, 359607.51225075871)
(25591, 358183.48200235213)
(36933, 357658.13933673553)
(19302, 355147.2588342714)
(9910, 351285.62173753988)
(16804, 349857.69319153804)
(27437, 347621.45821305382)
(25980, 346528.6394275935)
(38608, 343800.84752127802)
(17687, 342939.01571426645)
(11254, 342789.30953528685)
(43980, 339198.09436522977)
(27501, 338140.76316645514)
(38720, 336916.83290460479)
(38124, 334484.98214663327)
(13454, 334390.01435521676)
(24387, 329341.52671343606)
(39931, 328409.30779778661)
(10731, 326584.43895713519)
(26764, 323846.83856653102)
(5433, 322656.51398910827)
(20469, 321559.61927804747)
(20404, 321488.2023225117)
(1213, 321181.93988332263)
(34849, 321069.40032874356)
(15380, 320657.39655817603)
(22801, 320104.40741850337)
(13363, 318526.57319956867)
(46957, 315697.20574955922)
(36995, 314861.88274539093)
(13680, 311670.86139016313)
(25294, 309159.2745275799)
(21331, 308861.10957477754)
(10703, 306588.05264979706)
(13082, 305504.14163908368)
(13402, 304646.23104640841)
(3587, 302628.36541810358)
(13193, 300587.81861348753)
(26426, 299970.72082665673)
(4992, 299787.25200662611)
(24350, 298143.40957174229)
(11718, 295339.26507398969)
(46141, 295318.05021104362)

(9367, 5283609.8318404332)
(6802, 2710638.0830346751)
(23427, 2218871.6063978625)
(24904, 1560894.9064431358)
(8984, 1404422.5913098303)
(24989, 1163436.4961312816)
(21930, 1154123.8925223562)
(5529, 1133433.3608009033)
(8251, 1095274.428941516)
(45497, 957807.24842833215)
(24656, 939164.11991437292)
(27283, 928761.22919914965)
(7204, 823566.37697729247)
(36544, 715037.04324560484)
(22105, 684990.97494373901)
(18787, 661091.00454316463)
(46598, 651007.90042161569)
(26438, 623805.80972695001)
(26811, 619576.72891339206)
(5523, 597691.50087556383)
(9387, 589125.24864828389)
(22547, 570432.93657369528)
(25459, 562871.69889354473)
(22132, 554818.35934400256)
(46785, 541102.40551957244)
(23548, 527197.03052338539)
(4154, 508790.89292247384)
(26464, 501243.80374169804)
(25227, 499765.85483897378)
(16721, 495320.56608943851)
(26236, 486054.20666355302)
(9687, 486047.77190703247)
(26288, 484617.53386843426)
(17603, 483099.33882304048)
(26016, 481369.97540079034)
(22055, 481056.39733607892)
(12339, 481021.97561937815)
(26904, 480570.94248355663)
(10687, 480562.02619893057)
(24079, 478200.33698470902)
(22514, 465676.77050096914)
(38608, 459354.04984685546)
(5491, 458860.96203621652)
(24971, 456064.52222830511)
(9837, 455254.19274127943)
(27437, 453825.34965425945)
(33037, 452054.34882135066)
(8565, 444228.07661001815)
(8204, 443673.55393285432)
(46527, 436787.11519494146)
(27413, 436019.623767971)
(23915, 430657.83666290808)
(46128, 429954.60401973431)
(23205, 426350.10021627473)
(18627, 423400.25159742706)
(20284, 416818.43934604462)
(25281, 415787.59951294208)
(25916, 413913.96799450979)
(24491, 413707.07314302924)
(26808, 405972.51551711326)
(27191, 395446.00577188103)
(3553, 394575.84308854927)
(23807, 388956.30757467228)
(18527, 388779.13162164681)
(46205, 387907.02631731541)
(43640, 387500.32623606775)
(5926, 385192.03190642939)
(21063, 385088.03715938306)
(8301, 384059.03094406653)
(3295, 382477.91237105394)
(27839, 374355.46305861569)
(5390, 371186.97154917935)
(25137, 359321.68172211986)
(27188, 359290.26756009116)
(22140, 356475.25843455584)
(21632, 356196.60806274752)
(5433, 355727.0273453868)
(3579, 353589.12626093312)
(22781, 352274.09985785949)
(27461, 348022.77731378033)
(20983, 344607.62676852872)
(46743, 344189.7003986428)
(21510, 343824.1806766981)
(11058, 340862.59793226444)
(5785, 340860.60348830692)
(25419, 335777.38872865937)
(25171, 333684.26132077089)
(27475, 332007.75712147274)
(11633, 330842.92190491193)
(26770, 328476.58608971228)
(45300, 324467.2709448149)
(3587, 324092.74275319744)
(20688, 322033.46690731426)
(46092, 321489.62231409719)
(22087, 321386.6045456662)
(20299, 320029.93470636191)
(19302, 320023.61629095627)
(27988, 319799.31672421761)
(25965, 319695.76148618618)
(18908, 317071.25680945767)

(9367, 4472421.1178026665)
(6802, 2806966.1238938691)
(23427, 2270359.8025805308)
(5359, 1955681.2190378795)
(5529, 1648400.0810933048)
(24904, 1512936.8246759162)
(7204, 1403250.5987048745)
(27726, 1158530.1312556381)
(26631, 1078693.5937206058)
(45822, 1045966.4945072714)
(5523, 986148.8172640733)
(9387, 985691.67993995897)
(3579, 895693.99602204293)
(36544, 870419.05570711719)
(3295, 866657.56477781723)
(9687, 860268.47252792283)
(25953, 846750.81414152228)
(22036, 844096.86211791949)
(26108, 789023.36077898799)
(8565, 785192.2598312879)
(8251, 782027.33905710245)
(14290, 742803.63146355224)
(26770, 684717.45386412891)
(3829, 656596.03574310243)
(28205, 634955.87619367742)
(25086, 631997.24433229608)
(46699, 617254.25888891786)
(27027, 609798.06673063547)
(33157, 588141.97451433341)
(12095, 574485.18757377961)
(26327, 568560.54495346174)
(11057, 568054.9142722378)
(21426, 561154.88861838053)
(26391, 546184.50641701883)
(5785, 540703.3037493088)
(23548, 532255.03058213717)
(26513, 514430.18478630425)
(18787, 513136.47398221825)
(28194, 509553.82607256103)
(38608, 507314.88058414083)
(26430, 503413.13456794596)
(26683, 503200.7367112186)
(22721, 503146.61839671945)
(3862, 502139.15042038797)
(22151, 487659.67304226174)
(24491, 484232.17028356664)
(10895, 476844.93099833839)
(26196, 476315.22409971454)
(13082, 466640.29106612242)
(19852, 455822.07851789525)
(3810, 453460.90907681081)
(26363, 440036.50728428242)
(22236, 438326.42355956859)
(17603, 436578.37696209288)
(22514, 432929.28130643256)
(24300, 431816.21499114548)
(39400, 426449.00724680803)
(28153, 424159.41583408928)
(20469, 422754.28410109162)
(27576, 420361.58775557979)
(39930, 416228.27721835795)
(35783, 408881.50826145225)
(23205, 399943.78690947953)
(15315, 397880.21553555358)
(22801, 396768.26641934406)
(24427, 393990.28258591262)
(25751, 390174.54220372863)
(5301, 386881.63915618259)
(26810, 386491.32680491265)
(27587, 386251.62601468462)
(11857, 386191.69318116741)
(3587, 377841.48046678992)
(27095, 376363.29763781023)
(19302, 372840.12228157127)
(25592, 371853.21296258189)
(28122, 371737.60990833148)
(43670, 365401.53995360038)
(16721, 363277.59463292855)
(22547, 356789.50137649657)
(45759, 356467.05107173411)
(27437, 356414.40046779509)
(11204, 355688.49149682792)
(38124, 355599.60082867823)
(25596, 355044.46288547385)
(9638, 354989.52777333785)
(23915, 353479.19555468549)
(11762, 353145.6453383945)
(38720, 351965.57199438056)
(18326, 351309.09478473011)
(39504, 349237.49497358885)
(5491, 348085.66660279024)
(22131, 344713.50307732308)
(25425, 339101.32683138759)
(20735, 333895.91837031202)
(45054, 332975.4242144007)
(28068, 329826.22775724821)
(39931, 328135.94455347041)
(11520, 325656.80842376273)
(18908, 323315.95600769273)
(38361, 321238.66689877544)

(9367, 4600306.2465463681)
(6802, 3453695.8308451385)
(7204, 2011926.9662745825)
(23427, 1763370.1152264781)
(5529, 1663625.1063531633)
(8251, 1370175.3422612392)
(9687, 1277900.8436079011)
(22871, 1168051.2242795592)
(23013, 1168004.5088169421)
(24427, 1149672.9945560805)
(5491, 1125988.4342384932)
(5523, 1026767.1965762242)
(24904, 988805.36358751869)
(8565, 985974.45680154616)
(23205, 952503.76002117863)
(36544, 938572.66694909567)
(11171, 923044.06817379699)
(9387, 914774.03976405284)
(23548, 909781.51399565011)
(22547, 903255.35874723142)
(36832, 838920.04089296248)
(38124, 767792.48963751423)
(10571, 746685.3324102218)
(10588, 725826.73754473077)
(5244, 718403.33916627278)
(12779, 706553.18434588122)
(3579, 693590.01808817172)
(5284, 692204.17946027976)
(20735, 687813.15998977819)
(10956, 664822.02520668821)
(3295, 646815.7341976777)
(27654, 623254.74562689313)
(27095, 600472.85458813724)
(32670, 591193.89426454785)
(23792, 590640.99123504234)
(17603, 581160.30490950146)
(28068, 558376.60734081618)
(5785, 555772.05752158933)
(25973, 544045.72003411083)
(24167, 534214.63216758717)
(22801, 534098.17620886047)
(26609, 530597.06893518567)
(22151, 526994.67229601031)
(8493, 512620.17337914795)
(18326, 509582.22385762271)
(27951, 505892.99897669576)
(39930, 504492.17342702346)
(18787, 503968.55516420427)
(14833, 496742.56884037994)
(15315, 496501.32577836589)
(9638, 495619.38089643396)
(27437, 494481.49015768385)
(24300, 482000.59219156881)
(27307, 461105.90277372062)
(20312, 459871.76167828578)
(20489, 459849.0618229488)
(26088, 459246.072210257)
(8299, 452112.07365762879)
(22428, 450587.50517751015)
(24491, 450123.54735776054)
(3862, 446075.24228257476)
(10740, 444042.62354931887)
(23915, 442466.42695851211)
(26427, 442192.83788506774)
(18908, 441201.32896623726)
(38854, 441093.37644236285)
(28122, 438293.8474091955)
(8399, 435887.19831120828)
(3732, 425976.31672635843)
(3851, 411120.26874264283)
(19302, 410371.444911981)
(26613, 410312.06126602413)
(22536, 406866.03770007263)
(19915, 404332.45765690581)
(6994, 398803.86544467794)
(26068, 395784.85388305102)
(17687, 395321.88551514799)
(12182, 395251.80055095785)
(18527, 391019.30977231928)
(5513, 386019.61664063553)
(38720, 381895.0459021526)
(11645, 381586.26290925918)
(39400, 381176.75820479146)
(6359, 379812.35996307153)
(27054, 379052.97712643957)
(9334, 377327.28590058419)
(39408, 375855.13693132432)
(18828, 375522.09576211555)
(18358, 374172.6750451079)
(24387, 372808.68097165023)
(11026, 371882.66956952092)
(5532, 369787.48616017739)
(21824, 369324.41753587319)
(22671, 368507.21148790541)
(18434, 367559.03884126159)
(13194, 367193.27375674428)
(28080, 367102.70641840552)
(10500, 366493.09662428324)
(26810, 366024.81941504386)
(19971, 363891.69833501294)

(6802, 6125546.3579426333)
(9367, 4627633.8455363624)
(23427, 2177657.7580933347)
(5529, 1916756.2206876758)
(20279, 1385123.5186642446)
(5491, 1372087.6660963716)
(17603, 1295738.9079948855)
(7204, 1288691.5902047954)
(4954, 1250459.6403455639)
(8251, 1229613.2501020702)
(5523, 1192209.3417128532)
(36544, 1172185.3188254694)
(24904, 1125031.9161783108)
(8565, 1082965.2348181929)
(9387, 1051164.5985729729)
(3295, 1031561.9888785834)
(22547, 1030018.7227480895)
(9687, 993002.17276864348)
(16721, 897600.70490803837)
(34356, 867181.59331371763)
(24491, 769757.16183190385)
(5271, 733103.1013839005)
(19708, 713403.10577968881)
(23205, 705073.94245143514)
(23915, 699282.70464715629)
(20284, 691407.77347171109)
(9638, 689457.14680118288)
(5230, 688972.92260346387)
(34541, 683662.6441083987)
(3587, 678142.68919064489)
(22151, 666295.2538763315)
(23548, 660947.33869655023)
(22801, 660225.71306840121)
(20429, 658643.93436443619)
(17687, 644555.04487900261)
(3579, 634297.97097555827)
(5785, 630324.60284999758)
(35108, 621921.81286449521)
(18627, 604310.63488338748)
(26982, 599087.73500105354)
(39521, 570860.8499786664)
(9334, 554468.34997235565)
(20014, 544012.07444139395)
(3862, 541146.63985166966)
(22368, 529682.81559450598)
(6359, 527985.06140564091)
(12508, 523136.32312068174)
(18527, 515679.29865715042)
(19484, 515628.47282458062)
(15315, 511010.18839151307)
(34572, 500255.77916133066)
(20054, 490922.28276763705)
(39930, 490460.77432970755)
(34833, 486038.12946541817)
(22536, 481148.00844582595)
(20469, 472942.77151160594)
(39504, 466801.82154795976)
(24711, 464204.78039226943)
(14858, 461640.81735257019)
(34621, 461279.13986325986)
(19880, 460127.75857646635)
(19302, 456219.12632513326)
(19570, 453560.27454276901)
(39400, 448324.87196501071)
(27512, 447256.91834039346)
(36911, 446104.76760975964)
(24387, 438455.66339021636)
(24457, 437574.90121084079)
(27955, 433179.0344020577)
(25977, 430962.04228698078)
(43950, 424407.31666961871)
(33037, 422487.98959286505)
(18326, 422399.28167660162)
(28168, 421415.34439919214)
(22942, 420209.78685457999)
(24933, 413974.67932835605)
(24443, 412738.10407568765)
(19449, 409244.53954227979)
(36969, 407400.91686137865)
(23788, 404725.0234087276)
(23913, 402566.29423219222)
(35783, 401765.43986899353)
(24538, 399914.50793294347)
(19915, 399672.93378890853)
(38720, 399603.43432130781)
(5644, 395167.84426739905)
(20408, 394630.67943711631)
(32181, 392345.7086538265)
(5036, 389265.38995061576)
(3829, 389144.28472008242)
(24167, 384922.45384489303)
(8399, 382761.87868083292)
(4300, 380384.16712987499)
(20537, 377626.70708985801)
(19801, 375643.51405989163)
(36865, 375025.72045019292)
(35273, 373678.28049133485)
(38608, 371944.3588932422)
(44897, 370631.06406686432)
(30159, 369743.76965985011)

(6802, 3308476.4071115321)
(9367, 2860925.9249860523)
(7204, 1689542.9286474802)
(3956, 1535661.8717022622)
(5529, 1394081.9938200191)
(23427, 1351267.532885517)
(22053, 1198251.1013970324)
(5523, 1133937.2349065186)
(22379, 1100383.1643147788)
(3980, 1004404.5416846259)
(10388, 994732.78232686734)
(27489, 958335.38616098359)
(46319, 904426.66693992331)
(8251, 893366.66731451743)
(24118, 889887.37407851801)
(8565, 845082.17525498034)
(6679, 841780.35578715813)
(9387, 837610.2796421079)
(25031, 816480.47774252947)
(27338, 796882.44145086792)
(46005, 756131.36910753243)
(24177, 732364.68696992623)
(3279, 718063.27390738064)
(36544, 715410.11163155723)
(21719, 681183.17410236981)
(3507, 679212.15796818607)
(27980, 652557.35316123755)
(9687, 637832.95148037351)
(22151, 634432.87819308194)
(11157, 632716.64932167425)
(32817, 625110.6867314612)
(10700, 596561.23906021367)
(24904, 591802.29120696499)
(11118, 590392.37736205908)
(27195, 590137.0954919568)
(3740, 586213.23676443356)
(25692, 583180.27281892335)
(3295, 580493.57775994029)
(25645, 580172.15295132482)
(3579, 574819.02150811092)
(25977, 574758.95860767132)
(27711, 560847.10150345881)
(18908, 549648.46933888621)
(24491, 535035.48366614641)
(25029, 532099.27111281035)
(21924, 518155.49194073671)
(25642, 516641.60299654328)
(22024, 514031.92750115058)
(11553, 512095.14642803953)
(3395, 510742.92726435029)
(23548, 505646.25657729222)
(3404, 501868.04626990546)
(27343, 499734.06168747996)
(21947, 489334.6286543819)
(5785, 485750.02908204356)
(43640, 484968.18594512215)
(23205, 480321.94101597712)
(12484, 477491.30340207671)
(18231, 475249.24586166133)
(24427, 474281.24383657705)
(20356, 469440.27672569698)
(11507, 459267.35097377014)
(27153, 455105.26454584178)
(3436, 452967.14463642082)
(5301, 452607.97612678341)
(24933, 450563.74370030925)
(3324, 450210.27424839098)
(45168, 448756.06562180555)
(18787, 442824.87008031656)
(12557, 438036.13036790112)
(18434, 436192.55358869571)
(45063, 433065.7151361861)
(17603, 431940.87783248076)
(3862, 430461.46501506038)
(25619, 424721.19815631711)
(3553, 423263.28643261193)
(3524, 422419.25139893877)
(3560, 422419.25139893877)
(24538, 412707.53919949487)
(20404, 411505.1253970149)
(23088, 411280.96054047369)
(25860, 409602.27721338079)
(38361, 407735.75834454154)
(20469, 407606.34495852049)
(12206, 406797.15984839445)
(5491, 406194.4139699915)
(22514, 404990.92956966459)
(11669, 404398.80616822501)
(3640, 404053.18261833105)
(27587, 401341.36945622874)
(18627, 399531.48824060289)
(26810, 396159.0207461692)
(30159, 396122.30580487184)
(3823, 395446.78151876788)
(11945, 394258.67952288047)
(3431, 393243.62658120453)
(23915, 393156.23123746249)
(46868, 391479.87998953316)
(3705, 391021.14756249264)
(20735, 388079.24801753863)

(9367, 4927271.2705149334)
(6802, 4393329.7310453001)
(3404, 2043780.1108415895)
(27830, 1773215.7502781583)
(7204, 1616185.2307906894)
(3304, 1525934.4839632916)
(5529, 1455300.5515009763)
(23427, 1425819.1870317091)
(9733, 1342654.6582566986)
(25977, 1338910.3173806053)
(3944, 1278659.7858707681)
(3426, 1235738.0597208785)
(26923, 1200099.2074769996)
(3500, 1131542.4773343403)
(33037, 1094127.3029862666)
(5523, 1066926.0480517983)
(3905, 1034014.5194112256)
(5301, 1001839.8508576876)
(9387, 947367.34328197257)
(25063, 920266.53527319652)
(36544, 900256.71591605945)
(8565, 895631.59137990547)
(3634, 885660.76066821115)
(9687, 878930.51893970207)
(26471, 865214.50286644406)
(26999, 845744.22374761314)
(3538, 834452.75086104544)
(21947, 832588.02725568495)
(8251, 814662.35109638528)
(46294, 802595.54040275596)
(25742, 783412.55460884783)
(21533, 776477.99068549532)
(21886, 767659.50677221525)
(3775, 741173.42206906597)
(3949, 739596.54131917318)
(45983, 736432.19940714643)
(22547, 679029.18829528673)
(24491, 662837.70112155168)
(27980, 640386.30356942397)
(23469, 637825.87560049701)
(3380, 635913.58045381436)
(3295, 633596.10470965435)
(18908, 630042.71781166922)
(24904, 625381.09173553414)
(11328, 623058.43555360159)
(12711, 619790.56931337691)
(3491, 616191.96688023536)
(28067, 613188.02271192684)
(3732, 595506.61400751933)
(22514, 593866.0432323931)
(3910, 589594.69532637892)
(22368, 584594.235596071)
(21719, 571598.25703520875)
(25537, 566981.96415018383)
(3579, 557797.86535897525)
(22151, 556609.67425190448)
(3298, 551338.49633513927)
(27489, 548817.10134559497)
(18950, 542014.12010355503)
(26810, 541563.05177143356)
(23915, 537568.50749925722)
(6359, 527898.69677192578)
(13522, 524837.04752597515)
(22379, 519119.7378185931)
(18627, 515885.19306116027)
(23205, 502823.48904141603)
(5491, 489265.71224683721)
(28160, 488752.55016979453)
(3663, 487898.2225659971)
(3956, 486877.66952841479)
(38124, 476810.50266476296)
(23548, 463569.62201126915)
(21924, 454805.73855025362)
(25075, 453030.76561176626)
(25811, 452777.27398915496)
(5785, 451846.10645158257)
(20916, 451004.31561279419)
(20056, 440992.77928782318)
(3415, 438846.63157705625)
(26097, 438449.59174991737)
(39930, 435951.19247553003)
(22131, 435331.93421661993)
(29656, 433557.1293557855)
(27916, 431235.78554742126)
(26988, 428570.30815631035)
(3556, 427224.64561528648)
(11538, 427133.75497570907)
(18527, 426838.88832890656)
(24538, 424771.68649960874)
(20404, 423076.34040743456)
(26747, 422955.85334126133)
(22053, 422080.0978466302)
(25601, 419698.98600157216)
(3468, 419614.18609280285)
(17603, 418561.4939082099)
(21200, 417144.87508199888)
(25029, 416125.11325541174)
(22801, 413042.98856053367)
(22536, 405957.91333583777)
(10972, 404937.30923426943)

(9367, 3767551.6144952276)
(6802, 3563087.3064087499)
(25646, 3023530.0462977742)
(23427, 2905244.554522919)
(21636, 2636547.3617765857)
(24904, 2569558.8861894822)
(5529, 2458745.1482710466)
(21834, 2277686.7763286922)
(25578, 2188060.913872309)
(21125, 2081965.959808941)
(26747, 1868020.9602914066)
(11984, 1763270.6690329262)
(21394, 1705277.5310841864)
(27125, 1672090.2648622275)
(7204, 1618633.9255466482)
(25844, 1424035.3549655217)
(45768, 1338468.2327327682)
(24491, 1323685.8233473592)
(21200, 1192610.2610016447)
(3295, 1148607.1590329311)
(8251, 1137519.5094306474)
(24711, 1130923.1518702079)
(9387, 1116220.2583221954)
(5523, 1109026.8587528812)
(22547, 1101908.138203677)
(32679, 1094552.6210010361)
(9687, 1033872.0152998049)
(8565, 1028470.3537289414)
(10556, 964199.91449883778)
(20990, 938722.47248896095)
(20950, 910585.05568246404)
(36544, 895421.46873208461)
(25977, 805653.78919612733)
(3607, 769131.61822519149)
(17603, 731234.76598843525)
(23548, 667648.09022595524)
(5785, 665200.10658109724)
(21234, 657421.18869542598)
(18627, 650368.85822782107)
(38608, 648398.18974248378)
(23205, 643180.48308343766)
(10125, 638919.58129724942)
(46294, 623458.72250688926)
(22151, 618473.24091875413)
(16721, 606544.82677956019)
(5491, 602665.08114510868)
(33007, 600784.21092950099)
(22236, 582694.83665195201)
(22368, 574540.27342723426)
(18326, 570035.3583378559)
(21037, 566514.4729707595)
(3829, 565085.95279248897)
(39208, 547182.19490410166)
(3404, 546306.10241097992)
(3732, 542881.16769535281)
(12327, 540089.97720211314)
(24167, 532366.96362412709)
(23915, 531492.19579041086)
(22801, 529312.13754941244)
(25914, 525779.93738069281)
(32640, 518896.46705906506)
(27481, 518759.32065978431)
(21623, 513971.10807321547)
(12711, 512843.32486037683)
(27905, 511309.32213118445)
(9638, 506491.05320432963)
(32817, 502373.26395883557)
(3587, 501561.11001543427)
(39930, 495505.75895665557)
(21642, 494373.46667851758)
(3862, 482872.23673038813)
(6359, 461001.33900127746)
(15315, 458879.74539311632)
(5350, 457043.05710869434)
(30159, 455318.12240654504)
(22536, 448903.75448844937)
(26810, 444730.13946111902)
(26432, 444260.28669036302)
(8399, 442000.87129298376)
(20469, 437762.15931684035)
(18950, 429201.46536431171)
(23319, 428409.79843820562)
(23913, 426663.44241181453)
(26431, 422190.01212626731)
(18908, 417207.46258882765)
(26953, 416114.77327722852)
(3562, 412408.33268403908)
(5351, 412143.68339164351)
(5455, 407598.1484346732)
(9334, 404395.55368053331)
(37532, 400964.29727832269)
(39674, 399760.62458611402)
(21220, 397474.36765375157)
(38124, 397280.91542375309)
(32685, 397064.55221979832)
(10034, 396819.00393615523)
(21239, 396386.53337314352)
(13082, 393845.68623804185)
(17812, 391282.16590617254)
(6761, 390704.57179261057)

(6802, 8575755.0646508299)
(27955, 5152018.4903783742)
(9367, 3839343.3067421196)
(36544, 1855435.9981439176)
(5529, 1581373.1277188864)
(7204, 1491009.0120209674)
(27809, 1386613.6047824163)
(5523, 1345457.0559858428)
(26855, 1172804.456417327)
(27300, 1172519.0933226657)
(8251, 1090071.9001521242)
(21259, 1078762.750742364)
(8565, 1063724.7595024966)
(23427, 1062975.3985138049)
(9387, 1017824.8558343976)
(36900, 986318.38199619483)
(26716, 918320.89832373452)
(20973, 894212.09890004736)
(22547, 837569.71312351956)
(43947, 814529.13833616558)
(21256, 788505.29541468283)
(9687, 768085.43703676551)
(36794, 767157.54374610994)
(24491, 751861.76667066454)
(15837, 720084.89929018682)
(24904, 707030.48970342008)
(23548, 695682.91508432722)
(12226, 688595.30163584359)
(10707, 659227.47669419809)
(5785, 640684.48480819853)
(44063, 638509.5234282742)
(22151, 638412.78375196003)
(38720, 630290.37353009696)
(17603, 625143.09786356275)
(26154, 620295.60177529301)
(37015, 606429.3807151583)
(73, 606169.11729626241)
(659, 601331.81343119417)
(839, 600776.73122724774)
(5491, 594545.8762750231)
(3579, 559868.93194857391)
(25615, 557192.52404164092)
(39930, 556546.70287860965)
(14833, 546363.67344789545)
(23205, 531773.82311998855)
(14680, 523862.46989976236)
(9638, 519781.02170071745)
(43995, 519450.19260784396)
(43703, 510706.41640151659)
(23788, 508158.44657218218)
(46680, 503058.35985508136)
(10335, 502562.00618844142)
(20935, 498407.7325461866)
(3295, 498379.97902655945)
(22265, 493512.84707350563)
(26299, 493015.66570412891)
(39504, 486536.38084438839)
(43476, 483983.12845487904)
(21403, 480710.60645867942)
(39400, 477719.78000151057)
(21897, 474421.95665431191)
(22368, 469945.02635778202)
(22801, 467805.14933592506)
(38124, 467602.52219966816)
(22536, 465169.30144361453)
(37137, 452322.90692317649)
(24711, 445004.10892465897)
(15315, 443700.59091908048)
(3851, 443210.69813445135)
(24387, 441838.63761282671)
(22257, 441631.82616644283)
(9334, 441530.15756700741)
(22027, 434528.95805736177)
(38000, 432641.52236511419)
(4053, 425150.51072518097)
(15220, 425048.47477105469)
(18527, 423644.29818216502)
(22458, 421955.9233870671)
(16721, 418607.37608024862)
(23297, 417122.85915615089)
(3862, 415428.42644068354)
(3934, 414125.14455866598)
(23915, 413415.0872423558)
(45964, 410001.2377272119)
(46234, 408364.08854884224)
(20469, 403634.1021545796)
(15963, 401980.68457475968)
(6359, 398106.269102538)
(24426, 391488.38965185662)
(24052, 391354.90457522345)
(12099, 390528.56165662903)
(24167, 385429.49646652181)
(19302, 385302.23052601912)
(8399, 384494.02315253718)
(21749, 372420.07245279232)
(33294, 371467.35767231218)
(18326, 370353.86241325515)
(26810, 369771.72987944656)
(32716, 369056.86730371549)
(8299, 367304.78738622239)

(6802, 5007967.5695955483)
(45964, 4178398.8816555161)
(9367, 4160382.4285773239)
(5529, 2149731.287594812)
(23427, 2076226.1993084999)
(7204, 1987570.3493723273)
(20943, 1975942.8612069574)
(8251, 1750317.7300904293)
(27471, 1460455.0150902953)
(5491, 1442927.7980683087)
(17603, 1228481.4164821631)
(5523, 1134689.3934846078)
(9387, 1108470.0389816451)
(9687, 1067620.7347471348)
(8565, 1067007.1877852702)
(23548, 1061789.5567627624)
(23205, 1041265.4195851635)
(36544, 989635.10461131402)
(45873, 949578.17952504463)
(3553, 936807.74850380805)
(25488, 904980.68012011249)
(38124, 879032.89559577382)
(24904, 870325.16938835813)
(16721, 851153.03347686585)
(3851, 813534.05710869585)
(22942, 747268.41736742854)
(9638, 738582.80670957605)
(20833, 720495.2106512296)
(5785, 711899.59600563766)
(25853, 678285.94938657165)
(25855, 671139.88075131772)
(22151, 668560.53707396542)
(22801, 645438.01413367363)
(20992, 642412.59871785494)
(28035, 640532.73015748162)
(21503, 630954.09611205419)
(10391, 624651.30709389551)
(22428, 615392.13681047154)
(38720, 611096.400258612)
(18527, 594453.62650294369)
(18904, 579617.78824328736)
(3810, 573467.72066857247)
(6359, 560218.22701667191)
(18326, 558179.00943096506)
(39930, 555867.87711201154)
(7093, 554906.91056217719)
(24167, 545568.95410464937)
(15315, 543277.97479725874)
(18627, 539778.68061075348)
(3295, 536438.01849918766)
(19302, 530519.07752102963)
(20469, 529074.39037098305)
(3862, 522555.83577023592)
(38854, 514759.83767113398)
(38000, 507392.91452491842)
(18787, 506209.54890312336)
(34891, 497397.17870393174)
(9334, 495249.11344002152)
(22536, 490778.79500811396)
(39400, 489055.87726545014)
(24491, 487483.8764550839)
(23915, 486513.29245331598)
(24387, 481691.7951971725)
(23890, 480232.37504136417)
(22671, 478302.30224609748)
(43640, 470515.76293091913)
(3742, 467838.03092747653)
(27719, 466834.26150964235)
(26810, 462671.37197011505)
(22236, 457580.44004705234)
(38361, 454883.11294277495)
(39408, 454102.21389169298)
(21760, 451292.25231157185)
(8299, 450810.8308388369)
(20204, 450386.71354076627)
(18434, 447224.31212485826)
(8399, 442639.23418075795)
(39058, 440608.35978586628)
(12779, 436114.49726302212)
(18908, 435296.64498144091)
(39703, 426982.94240198837)
(20907, 426494.52363305312)
(10511, 426475.36756978836)
(6213, 426355.96545513941)
(36900, 425430.45635232789)
(11590, 423587.56550337479)
(3587, 421913.52907760342)
(18828, 421370.75259722193)
(22458, 418039.68861113553)
(24427, 417626.64452642109)
(36914, 416227.38933103811)
(24538, 415197.26846635836)
(43793, 414261.62563311786)
(16428, 413033.92569363973)
(36995, 399699.26656964119)
(20404, 399474.06524517434)
(34572, 397958.81068045076)
(38608, 392269.25264285743)
(21824, 390765.79127416905)
(17687, 387935.0420501054)

(9367, 2463979.7995147659)
(6802, 2420392.1552248155)
(10371, 1858890.9496448077)
(21453, 1701952.8760705162)
(23427, 1352944.7697108185)
(25729, 1325940.3505804793)
(5529, 1182813.4004981564)
(25296, 1124964.8370442805)
(24491, 1055577.7654184508)
(7204, 932172.74076865101)
(3295, 796331.14930482255)
(26521, 779151.74938624597)
(12404, 755799.53908007417)
(5523, 747145.49890618003)
(175, 746122.33918041806)
(369, 746122.33918041806)
(45964, 737431.22388195724)
(24904, 692609.3987955359)
(8251, 682724.14471495897)
(3579, 669987.35547354061)
(8565, 640248.19119221065)
(27742, 609348.77214922942)
(9687, 608420.60742499528)
(26882, 600319.97867898294)
(9387, 578908.25894563016)
(10178, 577136.21168683935)
(19302, 539725.83423027128)
(20469, 526990.18237278156)
(22236, 520828.16361431393)
(3851, 513602.24778121122)
(3862, 495149.86426837667)
(36544, 466379.8072661201)
(38720, 452018.76656117162)
(24711, 440598.19135334867)
(18527, 428902.16451182787)
(22547, 423756.77686998021)
(17603, 407707.06225229899)
(18627, 405642.35339061485)
(23913, 401423.50107591221)
(3587, 399651.20402273216)
(39930, 399167.50493049849)
(24387, 395453.99223325634)
(39400, 395214.88444239151)
(979, 381734.30908418749)
(27095, 381020.71531783615)
(22942, 376270.98459127045)
(27246, 363582.97124539793)
(22151, 358310.71647707414)
(689, 351387.35749356629)
(5785, 347603.11671674502)
(23205, 345161.39035373571)
(22536, 344213.98228911863)
(13082, 342269.11426287069)
(24167, 340753.03723893309)
(12430, 337733.88596029498)
(3934, 334396.93946828804)
(26653, 333014.12161748821)
(34849, 332407.32466095005)
(779, 331960.47046256904)
(39504, 326915.11269265978)
(23548, 326541.57040883857)
(14290, 317553.71143847343)
(39208, 314930.29565693531)
(25746, 309497.79794506601)
(17357, 307782.11742074246)
(24443, 305103.99391959037)
(26982, 304189.58955092676)
(22801, 304089.56185889168)
(23915, 302733.66778875381)
(18908, 299578.08573330758)
(503, 296013.38314516662)
(37750, 295234.8875966944)
(14833, 294243.25348048215)
(5351, 292471.29423150665)
(39767, 292398.98026702757)
(32817, 290362.43796614691)
(3810, 289751.49872607685)
(9638, 288430.46857040346)
(20404, 288028.00881825975)
(23890, 285004.95157149655)
(1138, 284431.13606577995)
(5491, 281198.2562697134)
(8299, 277709.8172183694)
(972, 277618.75199125905)
(9334, 277383.23836952599)
(22979, 274846.12115039467)
(23788, 272502.64135617221)
(22671, 271369.58975252847)
(15315, 270868.47020637582)
(33037, 265402.96663785004)
(20682, 264360.8967468788)
(18904, 263813.15864172904)
(18326, 262164.61637079419)
(15220, 261339.551078555)
(11977, 260872.08732082995)
(11822, 257828.83693946167)
(3553, 256602.68965799955)
(26810, 256367.9776386458)
(38000, 253436.62737384083)
(18787, 250591.01292980686)

(9367, 4608023.4051179821)
(6802, 3171952.7666255194)
(25240, 2254266.1100512068)
(6946, 1516721.3181012331)
(20896, 1322717.5317185025)
(46247, 1305794.0277320161)
(21691, 1261977.000334213)
(26983, 1194031.3745481516)
(28122, 1191319.5219406907)
(5529, 1149187.4510579966)
(23427, 1095746.1037735944)
(26088, 1084524.7941830468)
(38781, 1050871.4260982147)
(28068, 1036669.7239015363)
(11909, 952411.36023891205)
(11061, 951304.82255451905)
(12234, 948087.08303660341)
(27833, 935549.68785091466)
(25306, 934936.38219814969)
(26688, 932495.72500984406)
(12189, 928307.35396424809)
(7204, 924156.44996054785)
(5627, 912706.72711510211)
(46162, 900808.09622581489)
(5523, 842250.07957781269)
(24904, 834568.59790605004)
(14833, 816628.58148869337)
(8565, 815567.14032022387)
(27045, 810276.18457823677)
(27726, 798655.87058309384)
(46440, 780399.35445185017)
(3579, 771437.83466287318)
(9687, 749946.90800188738)
(27682, 725733.58498034044)
(12099, 724956.80753545079)
(45137, 721239.52490417717)
(46549, 696509.77542005538)
(8251, 696264.5304401404)
(7908, 674165.52822979609)
(10603, 671920.27914282633)
(11332, 670687.95945119357)
(36544, 658989.91437749751)
(20974, 654514.13649888104)
(9387, 646886.33835651376)
(26307, 633223.47561579791)
(26045, 607236.66758163564)
(10237, 604052.63711996656)
(45688, 602374.34278296854)
(11105, 591734.3556671883)
(28051, 588009.73767165956)
(45755, 568658.20933489059)
(22020, 567753.90879749705)
(32787, 566261.00457570446)
(27096, 559883.52932962961)
(24706, 554518.60473146208)
(10121, 552119.73964455456)
(20505, 539342.55825938296)
(19924, 538501.67497323663)
(17628, 536763.70570167317)
(12369, 532083.39150937472)
(3295, 530614.38129201729)
(22027, 529327.61481478927)
(7111, 521733.96641876682)
(27303, 513148.66762460786)
(23548, 495386.03334501351)
(10902, 492660.85039267421)
(26214, 487602.14865893079)
(11399, 487508.03248145489)
(11205, 484712.79160399269)
(25740, 480088.29217350885)
(27172, 477919.16955632635)
(45434, 476982.7487727183)
(45291, 476540.82904895348)
(25123, 469094.84136706323)
(3862, 468219.45148357813)
(9723, 462685.88630954223)
(27741, 457130.13098332018)
(21764, 455542.5978479035)
(20293, 454577.47386164515)
(11206, 449448.25624776824)
(20735, 444898.11058024236)
(36837, 443009.76573281147)
(25450, 440126.33934232779)
(22562, 439777.76573484519)
(5689, 439278.27291735943)
(17603, 436522.19861019443)
(8184, 432848.9538895507)
(10393, 431394.65857054881)
(12351, 430318.61741808202)
(11720, 427235.51918015594)
(25639, 421046.07643935864)
(45420, 419659.54876638227)
(27437, 419032.29099879012)
(11030, 417495.78324476257)
(27625, 414684.33207326866)
(10479, 412440.33816376061)
(3587, 410428.89292738523)
(46394, 409767.70495195035)
(24491, 409701.26314805017)
(26858, 405336.50371301937)

